0,0,0
1,0,1
10,0,10
11,0,11
12,0,12
13,0,13
14,0,14
15,0,15
16,0,16
17,0,17
18,0,18
19,0,19
2,0,2
20,0,20
21,0,21
22,0,22
23,0,23
24,0,24
25,0,25
26,0,26
27,0,27
28,0,28
29,0,29
3,0,3
30,0,30
31,0,31
32,0,32
33,0,33
34,0,34
35,0,35
36,0,36
37,0,37
38,0,38
39,0,39
4,0,4
40,0,40
41,0,41
42,0,42
43,0,43
44,0,44
45,0,45
46,0,46
47,0,47
48,0,48
49,0,49
5,0,5
50,0,50
51,0,51
52,0,52
53,0,53
54,0,54
55,0,55
56,0,56
57,0,57
58,0,58
59,0,59
6,0,6
60,0,60
61,0,61
62,0,62
63,0,63
64,0,64
65,0,65
66,0,66
67,0,67
68,0,68
69,0,69
7,0,7
70,0,70
71,0,71
72,0,72
73,0,73
74,0,74
75,0,75
76,0,76
77,0,77
78,0,78
79,0,79
8,0,8
80,0,80
81,0,81
82,0,82
83,0,83
9,0,9
84,1,0
85,1,1
94,1,10
95,1,11
96,1,12
97,1,13
98,1,14
99,1,15
100,1,16
101,1,17
102,1,18
103,1,19
86,1,2
104,1,20
105,1,21
106,1,22
107,1,23
108,1,24
109,1,25
110,1,26
111,1,27
112,1,28
113,1,29
87,1,3
114,1,30
115,1,31
116,1,32
117,1,33
118,1,34
119,1,35
120,1,36
121,1,37
122,1,38
123,1,39
88,1,4
124,1,40
125,1,41
126,1,42
127,1,43
128,1,44
129,1,45
130,1,46
131,1,47
132,1,48
133,1,49
89,1,5
134,1,50
135,1,51
136,1,52
137,1,53
138,1,54
139,1,55
140,1,56
141,1,57
142,1,58
143,1,59
90,1,6
144,1,60
145,1,61
146,1,62
147,1,63
148,1,64
149,1,65
150,1,66
151,1,67
152,1,68
153,1,69
91,1,7
154,1,70
155,1,71
156,1,72
157,1,73
158,1,74
159,1,75
160,1,76
161,1,77
162,1,78
163,1,79
92,1,8
164,1,80
165,1,81
166,1,82
167,1,83
93,1,9
840,10,0
841,10,1
850,10,10
851,10,11
852,10,12
853,10,13
854,10,14
855,10,15
856,10,16
857,10,17
858,10,18
859,10,19
842,10,2
860,10,20
861,10,21
862,10,22
863,10,23
864,10,24
865,10,25
866,10,26
867,10,27
868,10,28
869,10,29
843,10,3
870,10,30
871,10,31
872,10,32
873,10,33
874,10,34
875,10,35
876,10,36
877,10,37
878,10,38
879,10,39
844,10,4
880,10,40
881,10,41
882,10,42
883,10,43
884,10,44
885,10,45
886,10,46
887,10,47
888,10,48
889,10,49
845,10,5
890,10,50
891,10,51
892,10,52
893,10,53
894,10,54
895,10,55
896,10,56
897,10,57
898,10,58
899,10,59
846,10,6
900,10,60
901,10,61
902,10,62
903,10,63
904,10,64
905,10,65
906,10,66
907,10,67
908,10,68
909,10,69
847,10,7
910,10,70
911,10,71
912,10,72
913,10,73
914,10,74
915,10,75
916,10,76
917,10,77
918,10,78
919,10,79
848,10,8
920,10,80
921,10,81
922,10,82
923,10,83
849,10,9
924,11,0
925,11,1
934,11,10
935,11,11
936,11,12
937,11,13
938,11,14
939,11,15
940,11,16
941,11,17
942,11,18
943,11,19
926,11,2
944,11,20
945,11,21
946,11,22
947,11,23
948,11,24
949,11,25
950,11,26
951,11,27
952,11,28
953,11,29
927,11,3
954,11,30
955,11,31
956,11,32
957,11,33
958,11,34
959,11,35
960,11,36
961,11,37
962,11,38
963,11,39
928,11,4
964,11,40
965,11,41
966,11,42
967,11,43
968,11,44
969,11,45
970,11,46
971,11,47
972,11,48
973,11,49
929,11,5
974,11,50
975,11,51
976,11,52
977,11,53
978,11,54
979,11,55
980,11,56
981,11,57
982,11,58
983,11,59
930,11,6
984,11,60
985,11,61
986,11,62
987,11,63
988,11,64
989,11,65
990,11,66
991,11,67
992,11,68
993,11,69
931,11,7
994,11,70
995,11,71
996,11,72
997,11,73
998,11,74
999,11,75
1000,11,76
1001,11,77
1002,11,78
1003,11,79
932,11,8
1004,11,80
1005,11,81
1006,11,82
1007,11,83
933,11,9
1008,12,0
1009,12,1
1018,12,10
1019,12,11
1020,12,12
1021,12,13
1022,12,14
1023,12,15
1024,12,16
1025,12,17
1026,12,18
1027,12,19
1010,12,2
1028,12,20
1029,12,21
1030,12,22
1031,12,23
1032,12,24
1033,12,25
1034,12,26
1035,12,27
1036,12,28
1037,12,29
1011,12,3
1038,12,30
1039,12,31
1040,12,32
1041,12,33
1042,12,34
1043,12,35
1044,12,36
1045,12,37
1046,12,38
1047,12,39
1012,12,4
1048,12,40
1049,12,41
1050,12,42
1051,12,43
1052,12,44
1053,12,45
1054,12,46
1055,12,47
1056,12,48
1057,12,49
1013,12,5
1058,12,50
1059,12,51
1060,12,52
1061,12,53
1062,12,54
1063,12,55
1064,12,56
1065,12,57
1066,12,58
1067,12,59
1014,12,6
1068,12,60
1069,12,61
1070,12,62
1071,12,63
1072,12,64
1073,12,65
1074,12,66
1075,12,67
1076,12,68
1077,12,69
1015,12,7
1078,12,70
1079,12,71
1080,12,72
1081,12,73
1082,12,74
1083,12,75
1084,12,76
1085,12,77
1086,12,78
1087,12,79
1016,12,8
1088,12,80
1089,12,81
1090,12,82
1091,12,83
1017,12,9
1092,13,0
1093,13,1
1102,13,10
1103,13,11
1104,13,12
1105,13,13
1106,13,14
1107,13,15
1108,13,16
1109,13,17
1110,13,18
1111,13,19
1094,13,2
1112,13,20
1113,13,21
1114,13,22
1115,13,23
1116,13,24
1117,13,25
1118,13,26
1119,13,27
1120,13,28
1121,13,29
1095,13,3
1122,13,30
1123,13,31
1124,13,32
1125,13,33
1126,13,34
1127,13,35
1128,13,36
1129,13,37
1130,13,38
1131,13,39
1096,13,4
1132,13,40
1133,13,41
1134,13,42
1135,13,43
1136,13,44
1137,13,45
1138,13,46
1139,13,47
1140,13,48
1141,13,49
1097,13,5
1142,13,50
1143,13,51
1144,13,52
1145,13,53
1146,13,54
1147,13,55
1148,13,56
1149,13,57
1150,13,58
1151,13,59
1098,13,6
1152,13,60
1153,13,61
1154,13,62
1155,13,63
1156,13,64
1157,13,65
1158,13,66
1159,13,67
1160,13,68
1161,13,69
1099,13,7
1162,13,70
1163,13,71
1164,13,72
1165,13,73
1166,13,74
1167,13,75
1168,13,76
1169,13,77
1170,13,78
1171,13,79
1100,13,8
1172,13,80
1173,13,81
1174,13,82
1175,13,83
1101,13,9
1176,14,0
1177,14,1
1186,14,10
1187,14,11
1188,14,12
1189,14,13
1190,14,14
1191,14,15
1192,14,16
1193,14,17
1194,14,18
1195,14,19
1178,14,2
1196,14,20
1197,14,21
1198,14,22
1199,14,23
1200,14,24
1201,14,25
1202,14,26
1203,14,27
1204,14,28
1205,14,29
1179,14,3
1206,14,30
1207,14,31
1208,14,32
1209,14,33
1210,14,34
1211,14,35
1212,14,36
1213,14,37
1214,14,38
1215,14,39
1180,14,4
1216,14,40
1217,14,41
1218,14,42
1219,14,43
1220,14,44
1221,14,45
1222,14,46
1223,14,47
1224,14,48
1225,14,49
1181,14,5
1226,14,50
1227,14,51
1228,14,52
1229,14,53
1230,14,54
1231,14,55
1232,14,56
1233,14,57
1234,14,58
1235,14,59
1182,14,6
1236,14,60
1237,14,61
1238,14,62
1239,14,63
1240,14,64
1241,14,65
1242,14,66
1243,14,67
1244,14,68
1245,14,69
1183,14,7
1246,14,70
1247,14,71
1248,14,72
1249,14,73
1250,14,74
1251,14,75
1252,14,76
1253,14,77
1254,14,78
1255,14,79
1184,14,8
1256,14,80
1257,14,81
1258,14,82
1259,14,83
1185,14,9
1260,15,0
1261,15,1
1270,15,10
1271,15,11
1272,15,12
1273,15,13
1274,15,14
1275,15,15
1276,15,16
1277,15,17
1278,15,18
1279,15,19
1262,15,2
1280,15,20
1281,15,21
1282,15,22
1283,15,23
1284,15,24
1285,15,25
1286,15,26
1287,15,27
1288,15,28
1289,15,29
1263,15,3
1290,15,30
1291,15,31
1292,15,32
1293,15,33
1294,15,34
1295,15,35
1296,15,36
1297,15,37
1298,15,38
1299,15,39
1264,15,4
1300,15,40
1301,15,41
1302,15,42
1303,15,43
1304,15,44
1305,15,45
1306,15,46
1307,15,47
1308,15,48
1309,15,49
1265,15,5
1310,15,50
1311,15,51
1312,15,52
1313,15,53
1314,15,54
1315,15,55
1316,15,56
1317,15,57
1318,15,58
1319,15,59
1266,15,6
1320,15,60
1321,15,61
1322,15,62
1323,15,63
1324,15,64
1325,15,65
1326,15,66
1327,15,67
1328,15,68
1329,15,69
1267,15,7
1330,15,70
1331,15,71
1332,15,72
1333,15,73
1334,15,74
1335,15,75
1336,15,76
1337,15,77
1338,15,78
1339,15,79
1268,15,8
1340,15,80
1341,15,81
1342,15,82
1343,15,83
1269,15,9
1344,16,0
1345,16,1
1354,16,10
1355,16,11
1356,16,12
1357,16,13
1358,16,14
1359,16,15
1360,16,16
1361,16,17
1362,16,18
1363,16,19
1346,16,2
1364,16,20
1365,16,21
1366,16,22
1367,16,23
1368,16,24
1369,16,25
1370,16,26
1371,16,27
1372,16,28
1373,16,29
1347,16,3
1374,16,30
1375,16,31
1376,16,32
1377,16,33
1378,16,34
1379,16,35
1380,16,36
1381,16,37
1382,16,38
1383,16,39
1348,16,4
1384,16,40
1385,16,41
1386,16,42
1387,16,43
1388,16,44
1389,16,45
1390,16,46
1391,16,47
1392,16,48
1393,16,49
1349,16,5
1394,16,50
1395,16,51
1396,16,52
1397,16,53
1398,16,54
1399,16,55
1400,16,56
1401,16,57
1402,16,58
1403,16,59
1350,16,6
1404,16,60
1405,16,61
1406,16,62
1407,16,63
1408,16,64
1409,16,65
1410,16,66
1411,16,67
1412,16,68
1413,16,69
1351,16,7
1414,16,70
1415,16,71
1416,16,72
1417,16,73
1418,16,74
1419,16,75
1420,16,76
1421,16,77
1422,16,78
1423,16,79
1352,16,8
1424,16,80
1425,16,81
1426,16,82
1427,16,83
1353,16,9
1428,17,0
1429,17,1
1438,17,10
1439,17,11
1440,17,12
1441,17,13
1442,17,14
1443,17,15
1444,17,16
1445,17,17
1446,17,18
1447,17,19
1430,17,2
1448,17,20
1449,17,21
1450,17,22
1451,17,23
1452,17,24
1453,17,25
1454,17,26
1455,17,27
1456,17,28
1457,17,29
1431,17,3
1458,17,30
1459,17,31
1460,17,32
1461,17,33
1462,17,34
1463,17,35
1464,17,36
1465,17,37
1466,17,38
1467,17,39
1432,17,4
1468,17,40
1469,17,41
1470,17,42
1471,17,43
1472,17,44
1473,17,45
1474,17,46
1475,17,47
1476,17,48
1477,17,49
1433,17,5
1478,17,50
1479,17,51
1480,17,52
1481,17,53
1482,17,54
1483,17,55
1484,17,56
1485,17,57
1486,17,58
1487,17,59
1434,17,6
1488,17,60
1489,17,61
1490,17,62
1491,17,63
1492,17,64
1493,17,65
1494,17,66
1495,17,67
1496,17,68
1497,17,69
1435,17,7
1498,17,70
1499,17,71
1500,17,72
1501,17,73
1502,17,74
1503,17,75
1504,17,76
1505,17,77
1506,17,78
1507,17,79
1436,17,8
1508,17,80
1509,17,81
1510,17,82
1511,17,83
1437,17,9
1512,18,0
1513,18,1
1522,18,10
1523,18,11
1524,18,12
1525,18,13
1526,18,14
1527,18,15
1528,18,16
1529,18,17
1530,18,18
1531,18,19
1514,18,2
1532,18,20
1533,18,21
1534,18,22
1535,18,23
1536,18,24
1537,18,25
1538,18,26
1539,18,27
1540,18,28
1541,18,29
1515,18,3
1542,18,30
1543,18,31
1544,18,32
1545,18,33
1546,18,34
1547,18,35
1548,18,36
1549,18,37
1550,18,38
1551,18,39
1516,18,4
1552,18,40
1553,18,41
1554,18,42
1555,18,43
1556,18,44
1557,18,45
1558,18,46
1559,18,47
1560,18,48
1561,18,49
1517,18,5
1562,18,50
1563,18,51
1564,18,52
1565,18,53
1566,18,54
1567,18,55
1568,18,56
1569,18,57
1570,18,58
1571,18,59
1518,18,6
1572,18,60
1573,18,61
1574,18,62
1575,18,63
1576,18,64
1577,18,65
1578,18,66
1579,18,67
1580,18,68
1581,18,69
1519,18,7
1582,18,70
1583,18,71
1584,18,72
1585,18,73
1586,18,74
1587,18,75
1588,18,76
1589,18,77
1590,18,78
1591,18,79
1520,18,8
1592,18,80
1593,18,81
1594,18,82
1595,18,83
1521,18,9
1596,19,0
1597,19,1
1606,19,10
1607,19,11
1608,19,12
1609,19,13
1610,19,14
1611,19,15
1612,19,16
1613,19,17
1614,19,18
1615,19,19
1598,19,2
1616,19,20
1617,19,21
1618,19,22
1619,19,23
1620,19,24
1621,19,25
1622,19,26
1623,19,27
1624,19,28
1625,19,29
1599,19,3
1626,19,30
1627,19,31
1628,19,32
1629,19,33
1630,19,34
1631,19,35
1632,19,36
1633,19,37
1634,19,38
1635,19,39
1600,19,4
1636,19,40
1637,19,41
1638,19,42
1639,19,43
1640,19,44
1641,19,45
1642,19,46
1643,19,47
1644,19,48
1645,19,49
1601,19,5
1646,19,50
1647,19,51
1648,19,52
1649,19,53
1650,19,54
1651,19,55
1652,19,56
1653,19,57
1654,19,58
1655,19,59
1602,19,6
1656,19,60
1657,19,61
1658,19,62
1659,19,63
1660,19,64
1661,19,65
1662,19,66
1663,19,67
1664,19,68
1665,19,69
1603,19,7
1666,19,70
1667,19,71
1668,19,72
1669,19,73
1670,19,74
1671,19,75
1672,19,76
1673,19,77
1674,19,78
1675,19,79
1604,19,8
1676,19,80
1677,19,81
1678,19,82
1679,19,83
1605,19,9
168,2,0
169,2,1
178,2,10
179,2,11
180,2,12
181,2,13
182,2,14
183,2,15
184,2,16
185,2,17
186,2,18
187,2,19
170,2,2
188,2,20
189,2,21
190,2,22
191,2,23
192,2,24
193,2,25
194,2,26
195,2,27
196,2,28
197,2,29
171,2,3
198,2,30
199,2,31
200,2,32
201,2,33
202,2,34
203,2,35
204,2,36
205,2,37
206,2,38
207,2,39
172,2,4
208,2,40
209,2,41
210,2,42
211,2,43
212,2,44
213,2,45
214,2,46
215,2,47
216,2,48
217,2,49
173,2,5
218,2,50
219,2,51
220,2,52
221,2,53
222,2,54
223,2,55
224,2,56
225,2,57
226,2,58
227,2,59
174,2,6
228,2,60
229,2,61
230,2,62
231,2,63
232,2,64
233,2,65
234,2,66
235,2,67
236,2,68
237,2,69
175,2,7
238,2,70
239,2,71
240,2,72
241,2,73
242,2,74
243,2,75
244,2,76
245,2,77
246,2,78
247,2,79
176,2,8
248,2,80
249,2,81
250,2,82
251,2,83
177,2,9
1680,20,0
1681,20,1
1690,20,10
1691,20,11
1692,20,12
1693,20,13
1694,20,14
1695,20,15
1696,20,16
1697,20,17
1698,20,18
1699,20,19
1682,20,2
1700,20,20
1701,20,21
1702,20,22
1703,20,23
1704,20,24
1705,20,25
1706,20,26
1707,20,27
1708,20,28
1709,20,29
1683,20,3
1710,20,30
1711,20,31
1712,20,32
1713,20,33
1714,20,34
1715,20,35
1716,20,36
1717,20,37
1718,20,38
1719,20,39
1684,20,4
1720,20,40
1721,20,41
1722,20,42
1723,20,43
1724,20,44
1725,20,45
1726,20,46
1727,20,47
1728,20,48
1729,20,49
1685,20,5
1730,20,50
1731,20,51
1732,20,52
1733,20,53
1734,20,54
1735,20,55
1736,20,56
1737,20,57
1738,20,58
1739,20,59
1686,20,6
1740,20,60
1741,20,61
1742,20,62
1743,20,63
1744,20,64
1745,20,65
1746,20,66
1747,20,67
1748,20,68
1749,20,69
1687,20,7
1750,20,70
1751,20,71
1752,20,72
1753,20,73
1754,20,74
1755,20,75
1756,20,76
1757,20,77
1758,20,78
1759,20,79
1688,20,8
1760,20,80
1761,20,81
1762,20,82
1763,20,83
1689,20,9
1764,21,0
1765,21,1
1774,21,10
1775,21,11
1776,21,12
1777,21,13
1778,21,14
1779,21,15
1780,21,16
1781,21,17
1782,21,18
1783,21,19
1766,21,2
1784,21,20
1785,21,21
1786,21,22
1787,21,23
1788,21,24
1789,21,25
1790,21,26
1791,21,27
1792,21,28
1793,21,29
1767,21,3
1794,21,30
1795,21,31
1796,21,32
1797,21,33
1798,21,34
1799,21,35
1800,21,36
1801,21,37
1802,21,38
1803,21,39
1768,21,4
1804,21,40
1805,21,41
1806,21,42
1807,21,43
1808,21,44
1809,21,45
1810,21,46
1811,21,47
1812,21,48
1813,21,49
1769,21,5
1814,21,50
1815,21,51
1816,21,52
1817,21,53
1818,21,54
1819,21,55
1820,21,56
1821,21,57
1822,21,58
1823,21,59
1770,21,6
1824,21,60
1825,21,61
1826,21,62
1827,21,63
1828,21,64
1829,21,65
1830,21,66
1831,21,67
1832,21,68
1833,21,69
1771,21,7
1834,21,70
1835,21,71
1836,21,72
1837,21,73
1838,21,74
1839,21,75
1840,21,76
1841,21,77
1842,21,78
1843,21,79
1772,21,8
1844,21,80
1845,21,81
1846,21,82
1847,21,83
1773,21,9
1848,22,0
1849,22,1
1858,22,10
1859,22,11
1860,22,12
1861,22,13
1862,22,14
1863,22,15
1864,22,16
1865,22,17
1866,22,18
1867,22,19
1850,22,2
1868,22,20
1869,22,21
1870,22,22
1871,22,23
1872,22,24
1873,22,25
1874,22,26
1875,22,27
1876,22,28
1877,22,29
1851,22,3
1878,22,30
1879,22,31
1880,22,32
1881,22,33
1882,22,34
1883,22,35
1884,22,36
1885,22,37
1886,22,38
1887,22,39
1852,22,4
1888,22,40
1889,22,41
1890,22,42
1891,22,43
1892,22,44
1893,22,45
1894,22,46
1895,22,47
1896,22,48
1897,22,49
1853,22,5
1898,22,50
1899,22,51
1900,22,52
1901,22,53
1902,22,54
1903,22,55
1904,22,56
1905,22,57
1906,22,58
1907,22,59
1854,22,6
1908,22,60
1909,22,61
1910,22,62
1911,22,63
1912,22,64
1913,22,65
1914,22,66
1915,22,67
1916,22,68
1917,22,69
1855,22,7
1918,22,70
1919,22,71
1920,22,72
1921,22,73
1922,22,74
1923,22,75
1924,22,76
1925,22,77
1926,22,78
1927,22,79
1856,22,8
1928,22,80
1929,22,81
1930,22,82
1931,22,83
1857,22,9
1932,23,0
1933,23,1
1942,23,10
1943,23,11
1944,23,12
1945,23,13
1946,23,14
1947,23,15
1948,23,16
1949,23,17
1950,23,18
1951,23,19
1934,23,2
1952,23,20
1953,23,21
1954,23,22
1955,23,23
1956,23,24
1957,23,25
1958,23,26
1959,23,27
1960,23,28
1961,23,29
1935,23,3
1962,23,30
1963,23,31
1964,23,32
1965,23,33
1966,23,34
1967,23,35
1968,23,36
1969,23,37
1970,23,38
1971,23,39
1936,23,4
1972,23,40
1973,23,41
1974,23,42
1975,23,43
1976,23,44
1977,23,45
1978,23,46
1979,23,47
1980,23,48
1981,23,49
1937,23,5
1982,23,50
1983,23,51
1984,23,52
1985,23,53
1986,23,54
1987,23,55
1988,23,56
1989,23,57
1990,23,58
1991,23,59
1938,23,6
1992,23,60
1993,23,61
1994,23,62
1995,23,63
1996,23,64
1997,23,65
1998,23,66
1999,23,67
2000,23,68
2001,23,69
1939,23,7
2002,23,70
2003,23,71
2004,23,72
2005,23,73
2006,23,74
2007,23,75
2008,23,76
2009,23,77
2010,23,78
2011,23,79
1940,23,8
2012,23,80
2013,23,81
2014,23,82
2015,23,83
1941,23,9
2016,24,0
2017,24,1
2026,24,10
2027,24,11
2028,24,12
2029,24,13
2030,24,14
2031,24,15
2032,24,16
2033,24,17
2034,24,18
2035,24,19
2018,24,2
2036,24,20
2037,24,21
2038,24,22
2039,24,23
2040,24,24
2041,24,25
2042,24,26
2043,24,27
2044,24,28
2045,24,29
2019,24,3
2046,24,30
2047,24,31
2048,24,32
2049,24,33
2050,24,34
2051,24,35
2052,24,36
2053,24,37
2054,24,38
2055,24,39
2020,24,4
2056,24,40
2057,24,41
2058,24,42
2059,24,43
2060,24,44
2061,24,45
2062,24,46
2063,24,47
2064,24,48
2065,24,49
2021,24,5
2066,24,50
2067,24,51
2068,24,52
2069,24,53
2070,24,54
2071,24,55
2072,24,56
2073,24,57
2074,24,58
2075,24,59
2022,24,6
2076,24,60
2077,24,61
2078,24,62
2079,24,63
2080,24,64
2081,24,65
2082,24,66
2083,24,67
2084,24,68
2085,24,69
2023,24,7
2086,24,70
2087,24,71
2088,24,72
2089,24,73
2090,24,74
2091,24,75
2092,24,76
2093,24,77
2094,24,78
2095,24,79
2024,24,8
2096,24,80
2097,24,81
2098,24,82
2099,24,83
2025,24,9
2100,25,0
2101,25,1
2110,25,10
2111,25,11
2112,25,12
2113,25,13
2114,25,14
2115,25,15
2116,25,16
2117,25,17
2118,25,18
2119,25,19
2102,25,2
2120,25,20
2121,25,21
2122,25,22
2123,25,23
2124,25,24
2125,25,25
2126,25,26
2127,25,27
2128,25,28
2129,25,29
2103,25,3
2130,25,30
2131,25,31
2132,25,32
2133,25,33
2134,25,34
2135,25,35
2136,25,36
2137,25,37
2138,25,38
2139,25,39
2104,25,4
2140,25,40
2141,25,41
2142,25,42
2143,25,43
2144,25,44
2145,25,45
2146,25,46
2147,25,47
2148,25,48
2149,25,49
2105,25,5
2150,25,50
2151,25,51
2152,25,52
2153,25,53
2154,25,54
2155,25,55
2156,25,56
2157,25,57
2158,25,58
2159,25,59
2106,25,6
2160,25,60
2161,25,61
2162,25,62
2163,25,63
2164,25,64
2165,25,65
2166,25,66
2167,25,67
2168,25,68
2169,25,69
2107,25,7
2170,25,70
2171,25,71
2172,25,72
2173,25,73
2174,25,74
2175,25,75
2176,25,76
2177,25,77
2178,25,78
2179,25,79
2108,25,8
2180,25,80
2181,25,81
2182,25,82
2183,25,83
2109,25,9
2184,26,0
2185,26,1
2194,26,10
2195,26,11
2196,26,12
2197,26,13
2198,26,14
2199,26,15
2200,26,16
2201,26,17
2202,26,18
2203,26,19
2186,26,2
2204,26,20
2205,26,21
2206,26,22
2207,26,23
2208,26,24
2209,26,25
2210,26,26
2211,26,27
2212,26,28
2213,26,29
2187,26,3
2214,26,30
2215,26,31
2216,26,32
2217,26,33
2218,26,34
2219,26,35
2220,26,36
2221,26,37
2222,26,38
2223,26,39
2188,26,4
2224,26,40
2225,26,41
2226,26,42
2227,26,43
2228,26,44
2229,26,45
2230,26,46
2231,26,47
2232,26,48
2233,26,49
2189,26,5
2234,26,50
2235,26,51
2236,26,52
2237,26,53
2238,26,54
2239,26,55
2240,26,56
2241,26,57
2242,26,58
2243,26,59
2190,26,6
2244,26,60
2245,26,61
2246,26,62
2247,26,63
2248,26,64
2249,26,65
2250,26,66
2251,26,67
2252,26,68
2253,26,69
2191,26,7
2254,26,70
2255,26,71
2256,26,72
2257,26,73
2258,26,74
2259,26,75
2260,26,76
2261,26,77
2262,26,78
2263,26,79
2192,26,8
2264,26,80
2265,26,81
2266,26,82
2267,26,83
2193,26,9
2268,27,0
2269,27,1
2278,27,10
2279,27,11
2280,27,12
2281,27,13
2282,27,14
2283,27,15
2284,27,16
2285,27,17
2286,27,18
2287,27,19
2270,27,2
2288,27,20
2289,27,21
2290,27,22
2291,27,23
2292,27,24
2293,27,25
2294,27,26
2295,27,27
2296,27,28
2297,27,29
2271,27,3
2298,27,30
2299,27,31
2300,27,32
2301,27,33
2302,27,34
2303,27,35
2304,27,36
2305,27,37
2306,27,38
2307,27,39
2272,27,4
2308,27,40
2309,27,41
2310,27,42
2311,27,43
2312,27,44
2313,27,45
2314,27,46
2315,27,47
2316,27,48
2317,27,49
2273,27,5
2318,27,50
2319,27,51
2320,27,52
2321,27,53
2322,27,54
2323,27,55
2324,27,56
2325,27,57
2326,27,58
2327,27,59
2274,27,6
2328,27,60
2329,27,61
2330,27,62
2331,27,63
2332,27,64
2333,27,65
2334,27,66
2335,27,67
2336,27,68
2337,27,69
2275,27,7
2338,27,70
2339,27,71
2340,27,72
2341,27,73
2342,27,74
2343,27,75
2344,27,76
2345,27,77
2346,27,78
2347,27,79
2276,27,8
2348,27,80
2349,27,81
2350,27,82
2351,27,83
2277,27,9
2352,28,0
2353,28,1
2362,28,10
2363,28,11
2364,28,12
2365,28,13
2366,28,14
2367,28,15
2368,28,16
2369,28,17
2370,28,18
2371,28,19
2354,28,2
2372,28,20
2373,28,21
2374,28,22
2375,28,23
2376,28,24
2377,28,25
2378,28,26
2379,28,27
2380,28,28
2381,28,29
2355,28,3
2382,28,30
2383,28,31
2384,28,32
2385,28,33
2386,28,34
2387,28,35
2388,28,36
2389,28,37
2390,28,38
2391,28,39
2356,28,4
2392,28,40
2393,28,41
2394,28,42
2395,28,43
2396,28,44
2397,28,45
2398,28,46
2399,28,47
2400,28,48
2401,28,49
2357,28,5
2402,28,50
2403,28,51
2404,28,52
2405,28,53
2406,28,54
2407,28,55
2408,28,56
2409,28,57
2410,28,58
2411,28,59
2358,28,6
2412,28,60
2413,28,61
2414,28,62
2415,28,63
2416,28,64
2417,28,65
2418,28,66
2419,28,67
2420,28,68
2421,28,69
2359,28,7
2422,28,70
2423,28,71
2424,28,72
2425,28,73
2426,28,74
2427,28,75
2428,28,76
2429,28,77
2430,28,78
2431,28,79
2360,28,8
2432,28,80
2433,28,81
2434,28,82
2435,28,83
2361,28,9
2436,29,0
2437,29,1
2446,29,10
2447,29,11
2448,29,12
2449,29,13
2450,29,14
2451,29,15
2452,29,16
2453,29,17
2454,29,18
2455,29,19
2438,29,2
2456,29,20
2457,29,21
2458,29,22
2459,29,23
2460,29,24
2461,29,25
2462,29,26
2463,29,27
2464,29,28
2465,29,29
2439,29,3
2466,29,30
2467,29,31
2468,29,32
2469,29,33
2470,29,34
2471,29,35
2472,29,36
2473,29,37
2474,29,38
2475,29,39
2440,29,4
2476,29,40
2477,29,41
2478,29,42
2479,29,43
2480,29,44
2481,29,45
2482,29,46
2483,29,47
2484,29,48
2485,29,49
2441,29,5
2486,29,50
2487,29,51
2488,29,52
2489,29,53
2490,29,54
2491,29,55
2492,29,56
2493,29,57
2494,29,58
2495,29,59
2442,29,6
2496,29,60
2497,29,61
2498,29,62
2499,29,63
2500,29,64
2501,29,65
2502,29,66
2503,29,67
2504,29,68
2505,29,69
2443,29,7
2506,29,70
2507,29,71
2508,29,72
2509,29,73
2510,29,74
2511,29,75
2512,29,76
2513,29,77
2514,29,78
2515,29,79
2444,29,8
2516,29,80
2517,29,81
2518,29,82
2519,29,83
2445,29,9
252,3,0
253,3,1
262,3,10
263,3,11
264,3,12
265,3,13
266,3,14
267,3,15
268,3,16
269,3,17
270,3,18
271,3,19
254,3,2
272,3,20
273,3,21
274,3,22
275,3,23
276,3,24
277,3,25
278,3,26
279,3,27
280,3,28
281,3,29
255,3,3
282,3,30
283,3,31
284,3,32
285,3,33
286,3,34
287,3,35
288,3,36
289,3,37
290,3,38
291,3,39
256,3,4
292,3,40
293,3,41
294,3,42
295,3,43
296,3,44
297,3,45
298,3,46
299,3,47
300,3,48
301,3,49
257,3,5
302,3,50
303,3,51
304,3,52
305,3,53
306,3,54
307,3,55
308,3,56
309,3,57
310,3,58
311,3,59
258,3,6
312,3,60
313,3,61
314,3,62
315,3,63
316,3,64
317,3,65
318,3,66
319,3,67
320,3,68
321,3,69
259,3,7
322,3,70
323,3,71
324,3,72
325,3,73
326,3,74
327,3,75
328,3,76
329,3,77
330,3,78
331,3,79
260,3,8
332,3,80
333,3,81
334,3,82
335,3,83
261,3,9
2520,30,0
2521,30,1
2530,30,10
2531,30,11
2532,30,12
2533,30,13
2534,30,14
2535,30,15
2536,30,16
2537,30,17
2538,30,18
2539,30,19
2522,30,2
2540,30,20
2541,30,21
2542,30,22
2543,30,23
2544,30,24
2545,30,25
2546,30,26
2547,30,27
2548,30,28
2549,30,29
2523,30,3
2550,30,30
2551,30,31
2552,30,32
2553,30,33
2554,30,34
2555,30,35
2556,30,36
2557,30,37
2558,30,38
2559,30,39
2524,30,4
2560,30,40
2561,30,41
2562,30,42
2563,30,43
2564,30,44
2565,30,45
2566,30,46
2567,30,47
2568,30,48
2569,30,49
2525,30,5
2570,30,50
2571,30,51
2572,30,52
2573,30,53
2574,30,54
2575,30,55
2576,30,56
2577,30,57
2578,30,58
2579,30,59
2526,30,6
2580,30,60
2581,30,61
2582,30,62
2583,30,63
2584,30,64
2585,30,65
2586,30,66
2587,30,67
2588,30,68
2589,30,69
2527,30,7
2590,30,70
2591,30,71
2592,30,72
2593,30,73
2594,30,74
2595,30,75
2596,30,76
2597,30,77
2598,30,78
2599,30,79
2528,30,8
2600,30,80
2601,30,81
2602,30,82
2603,30,83
2529,30,9
2604,31,0
2605,31,1
2614,31,10
2615,31,11
2616,31,12
2617,31,13
2618,31,14
2619,31,15
2620,31,16
2621,31,17
2622,31,18
2623,31,19
2606,31,2
2624,31,20
2625,31,21
2626,31,22
2627,31,23
2628,31,24
2629,31,25
2630,31,26
2631,31,27
2632,31,28
2633,31,29
2607,31,3
2634,31,30
2635,31,31
2636,31,32
2637,31,33
2638,31,34
2639,31,35
2640,31,36
2641,31,37
2642,31,38
2643,31,39
2608,31,4
2644,31,40
2645,31,41
2646,31,42
2647,31,43
2648,31,44
2649,31,45
2650,31,46
2651,31,47
2652,31,48
2653,31,49
2609,31,5
2654,31,50
2655,31,51
2656,31,52
2657,31,53
2658,31,54
2659,31,55
2660,31,56
2661,31,57
2662,31,58
2663,31,59
2610,31,6
2664,31,60
2665,31,61
2666,31,62
2667,31,63
2668,31,64
2669,31,65
2670,31,66
2671,31,67
2672,31,68
2673,31,69
2611,31,7
2674,31,70
2675,31,71
2676,31,72
2677,31,73
2678,31,74
2679,31,75
2680,31,76
2681,31,77
2682,31,78
2683,31,79
2612,31,8
2684,31,80
2685,31,81
2686,31,82
2687,31,83
2613,31,9
2688,32,0
2689,32,1
2698,32,10
2699,32,11
2700,32,12
2701,32,13
2702,32,14
2703,32,15
2704,32,16
2705,32,17
2706,32,18
2707,32,19
2690,32,2
2708,32,20
2709,32,21
2710,32,22
2711,32,23
2712,32,24
2713,32,25
2714,32,26
2715,32,27
2716,32,28
2717,32,29
2691,32,3
2718,32,30
2719,32,31
2720,32,32
2721,32,33
2722,32,34
2723,32,35
2724,32,36
2725,32,37
2726,32,38
2727,32,39
2692,32,4
2728,32,40
2729,32,41
2730,32,42
2731,32,43
2732,32,44
2733,32,45
2734,32,46
2735,32,47
2736,32,48
2737,32,49
2693,32,5
2738,32,50
2739,32,51
2740,32,52
2741,32,53
2742,32,54
2743,32,55
2744,32,56
2745,32,57
2746,32,58
2747,32,59
2694,32,6
2748,32,60
2749,32,61
2750,32,62
2751,32,63
2752,32,64
2753,32,65
2754,32,66
2755,32,67
2756,32,68
2757,32,69
2695,32,7
2758,32,70
2759,32,71
2760,32,72
2761,32,73
2762,32,74
2763,32,75
2764,32,76
2765,32,77
2766,32,78
2767,32,79
2696,32,8
2768,32,80
2769,32,81
2770,32,82
2771,32,83
2697,32,9
2772,33,0
2773,33,1
2782,33,10
2783,33,11
2784,33,12
2785,33,13
2786,33,14
2787,33,15
2788,33,16
2789,33,17
2790,33,18
2791,33,19
2774,33,2
2792,33,20
2793,33,21
2794,33,22
2795,33,23
2796,33,24
2797,33,25
2798,33,26
2799,33,27
2800,33,28
2801,33,29
2775,33,3
2802,33,30
2803,33,31
2804,33,32
2805,33,33
2806,33,34
2807,33,35
2808,33,36
2809,33,37
2810,33,38
2811,33,39
2776,33,4
2812,33,40
2813,33,41
2814,33,42
2815,33,43
2816,33,44
2817,33,45
2818,33,46
2819,33,47
2820,33,48
2821,33,49
2777,33,5
2822,33,50
2823,33,51
2824,33,52
2825,33,53
2826,33,54
2827,33,55
2828,33,56
2829,33,57
2830,33,58
2831,33,59
2778,33,6
2832,33,60
2833,33,61
2834,33,62
2835,33,63
2836,33,64
2837,33,65
2838,33,66
2839,33,67
2840,33,68
2841,33,69
2779,33,7
2842,33,70
2843,33,71
2844,33,72
2845,33,73
2846,33,74
2847,33,75
2848,33,76
2849,33,77
2850,33,78
2851,33,79
2780,33,8
2852,33,80
2853,33,81
2854,33,82
2855,33,83
2781,33,9
2856,34,0
2857,34,1
2866,34,10
2867,34,11
2868,34,12
2869,34,13
2870,34,14
2871,34,15
2872,34,16
2873,34,17
2874,34,18
2875,34,19
2858,34,2
2876,34,20
2877,34,21
2878,34,22
2879,34,23
2880,34,24
2881,34,25
2882,34,26
2883,34,27
2884,34,28
2885,34,29
2859,34,3
2886,34,30
2887,34,31
2888,34,32
2889,34,33
2890,34,34
2891,34,35
2892,34,36
2893,34,37
2894,34,38
2895,34,39
2860,34,4
2896,34,40
2897,34,41
2898,34,42
2899,34,43
2900,34,44
2901,34,45
2902,34,46
2903,34,47
2904,34,48
2905,34,49
2861,34,5
2906,34,50
2907,34,51
2908,34,52
2909,34,53
2910,34,54
2911,34,55
2912,34,56
2913,34,57
2914,34,58
2915,34,59
2862,34,6
2916,34,60
2917,34,61
2918,34,62
2919,34,63
2920,34,64
2921,34,65
2922,34,66
2923,34,67
2924,34,68
2925,34,69
2863,34,7
2926,34,70
2927,34,71
2928,34,72
2929,34,73
2930,34,74
2931,34,75
2932,34,76
2933,34,77
2934,34,78
2935,34,79
2864,34,8
2936,34,80
2937,34,81
2938,34,82
2939,34,83
2865,34,9
2940,35,0
2941,35,1
2950,35,10
2951,35,11
2952,35,12
2953,35,13
2954,35,14
2955,35,15
2956,35,16
2957,35,17
2958,35,18
2959,35,19
2942,35,2
2960,35,20
2961,35,21
2962,35,22
2963,35,23
2964,35,24
2965,35,25
2966,35,26
2967,35,27
2968,35,28
2969,35,29
2943,35,3
2970,35,30
2971,35,31
2972,35,32
2973,35,33
2974,35,34
2975,35,35
2976,35,36
2977,35,37
2978,35,38
2979,35,39
2944,35,4
2980,35,40
2981,35,41
2982,35,42
2983,35,43
2984,35,44
2985,35,45
2986,35,46
2987,35,47
2988,35,48
2989,35,49
2945,35,5
2990,35,50
2991,35,51
2992,35,52
2993,35,53
2994,35,54
2995,35,55
2996,35,56
2997,35,57
2998,35,58
2999,35,59
2946,35,6
3000,35,60
3001,35,61
3002,35,62
3003,35,63
3004,35,64
3005,35,65
3006,35,66
3007,35,67
3008,35,68
3009,35,69
2947,35,7
3010,35,70
3011,35,71
3012,35,72
3013,35,73
3014,35,74
3015,35,75
3016,35,76
3017,35,77
3018,35,78
3019,35,79
2948,35,8
3020,35,80
3021,35,81
3022,35,82
3023,35,83
2949,35,9
3024,36,0
3025,36,1
3034,36,10
3035,36,11
3036,36,12
3037,36,13
3038,36,14
3039,36,15
3040,36,16
3041,36,17
3042,36,18
3043,36,19
3026,36,2
3044,36,20
3045,36,21
3046,36,22
3047,36,23
3048,36,24
3049,36,25
3050,36,26
3051,36,27
3052,36,28
3053,36,29
3027,36,3
3054,36,30
3055,36,31
3056,36,32
3057,36,33
3058,36,34
3059,36,35
3060,36,36
3061,36,37
3062,36,38
3063,36,39
3028,36,4
3064,36,40
3065,36,41
3066,36,42
3067,36,43
3068,36,44
3069,36,45
3070,36,46
3071,36,47
3072,36,48
3073,36,49
3029,36,5
3074,36,50
3075,36,51
3076,36,52
3077,36,53
3078,36,54
3079,36,55
3080,36,56
3081,36,57
3082,36,58
3083,36,59
3030,36,6
3084,36,60
3085,36,61
3086,36,62
3087,36,63
3088,36,64
3089,36,65
3090,36,66
3091,36,67
3092,36,68
3093,36,69
3031,36,7
3094,36,70
3095,36,71
3096,36,72
3097,36,73
3098,36,74
3099,36,75
3100,36,76
3101,36,77
3102,36,78
3103,36,79
3032,36,8
3104,36,80
3105,36,81
3106,36,82
3107,36,83
3033,36,9
3108,37,0
3109,37,1
3118,37,10
3119,37,11
3120,37,12
3121,37,13
3122,37,14
3123,37,15
3124,37,16
3125,37,17
3126,37,18
3127,37,19
3110,37,2
3128,37,20
3129,37,21
3130,37,22
3131,37,23
3132,37,24
3133,37,25
3134,37,26
3135,37,27
3136,37,28
3137,37,29
3111,37,3
3138,37,30
3139,37,31
3140,37,32
3141,37,33
3142,37,34
3143,37,35
3144,37,36
3145,37,37
3146,37,38
3147,37,39
3112,37,4
3148,37,40
3149,37,41
3150,37,42
3151,37,43
3152,37,44
3153,37,45
3154,37,46
3155,37,47
3156,37,48
3157,37,49
3113,37,5
3158,37,50
3159,37,51
3160,37,52
3161,37,53
3162,37,54
3163,37,55
3164,37,56
3165,37,57
3166,37,58
3167,37,59
3114,37,6
3168,37,60
3169,37,61
3170,37,62
3171,37,63
3172,37,64
3173,37,65
3174,37,66
3175,37,67
3176,37,68
3177,37,69
3115,37,7
3178,37,70
3179,37,71
3180,37,72
3181,37,73
3182,37,74
3183,37,75
3184,37,76
3185,37,77
3186,37,78
3187,37,79
3116,37,8
3188,37,80
3189,37,81
3190,37,82
3191,37,83
3117,37,9
3192,38,0
3193,38,1
3202,38,10
3203,38,11
3204,38,12
3205,38,13
3206,38,14
3207,38,15
3208,38,16
3209,38,17
3210,38,18
3211,38,19
3194,38,2
3212,38,20
3213,38,21
3214,38,22
3215,38,23
3216,38,24
3217,38,25
3218,38,26
3219,38,27
3220,38,28
3221,38,29
3195,38,3
3222,38,30
3223,38,31
3224,38,32
3225,38,33
3226,38,34
3227,38,35
3228,38,36
3229,38,37
3230,38,38
3231,38,39
3196,38,4
3232,38,40
3233,38,41
3234,38,42
3235,38,43
3236,38,44
3237,38,45
3238,38,46
3239,38,47
3240,38,48
3241,38,49
3197,38,5
3242,38,50
3243,38,51
3244,38,52
3245,38,53
3246,38,54
3247,38,55
3248,38,56
3249,38,57
3250,38,58
3251,38,59
3198,38,6
3252,38,60
3253,38,61
3254,38,62
3255,38,63
3256,38,64
3257,38,65
3258,38,66
3259,38,67
3260,38,68
3261,38,69
3199,38,7
3262,38,70
3263,38,71
3264,38,72
3265,38,73
3266,38,74
3267,38,75
3268,38,76
3269,38,77
3270,38,78
3271,38,79
3200,38,8
3272,38,80
3273,38,81
3274,38,82
3275,38,83
3201,38,9
3276,39,0
3277,39,1
3286,39,10
3287,39,11
3288,39,12
3289,39,13
3290,39,14
3291,39,15
3292,39,16
3293,39,17
3294,39,18
3295,39,19
3278,39,2
3296,39,20
3297,39,21
3298,39,22
3299,39,23
3300,39,24
3301,39,25
3302,39,26
3303,39,27
3304,39,28
3305,39,29
3279,39,3
3306,39,30
3307,39,31
3308,39,32
3309,39,33
3310,39,34
3311,39,35
3312,39,36
3313,39,37
3314,39,38
3315,39,39
3280,39,4
3316,39,40
3317,39,41
3318,39,42
3319,39,43
3320,39,44
3321,39,45
3322,39,46
3323,39,47
3324,39,48
3325,39,49
3281,39,5
3326,39,50
3327,39,51
3328,39,52
3329,39,53
3330,39,54
3331,39,55
3332,39,56
3333,39,57
3334,39,58
3335,39,59
3282,39,6
3336,39,60
3337,39,61
3338,39,62
3339,39,63
3340,39,64
3341,39,65
3342,39,66
3343,39,67
3344,39,68
3345,39,69
3283,39,7
3346,39,70
3347,39,71
3348,39,72
3349,39,73
3350,39,74
3351,39,75
3352,39,76
3353,39,77
3354,39,78
3355,39,79
3284,39,8
3356,39,80
3357,39,81
3358,39,82
3359,39,83
3285,39,9
336,4,0
337,4,1
346,4,10
347,4,11
348,4,12
349,4,13
350,4,14
351,4,15
352,4,16
353,4,17
354,4,18
355,4,19
338,4,2
356,4,20
357,4,21
358,4,22
359,4,23
360,4,24
361,4,25
362,4,26
363,4,27
364,4,28
365,4,29
339,4,3
366,4,30
367,4,31
368,4,32
369,4,33
370,4,34
371,4,35
372,4,36
373,4,37
374,4,38
375,4,39
340,4,4
376,4,40
377,4,41
378,4,42
379,4,43
380,4,44
381,4,45
382,4,46
383,4,47
384,4,48
385,4,49
341,4,5
386,4,50
387,4,51
388,4,52
389,4,53
390,4,54
391,4,55
392,4,56
393,4,57
394,4,58
395,4,59
342,4,6
396,4,60
397,4,61
398,4,62
399,4,63
400,4,64
401,4,65
402,4,66
403,4,67
404,4,68
405,4,69
343,4,7
406,4,70
407,4,71
408,4,72
409,4,73
410,4,74
411,4,75
412,4,76
413,4,77
414,4,78
415,4,79
344,4,8
416,4,80
417,4,81
418,4,82
419,4,83
345,4,9
3360,40,0
3361,40,1
3370,40,10
3371,40,11
3372,40,12
3373,40,13
3374,40,14
3375,40,15
3376,40,16
3377,40,17
3378,40,18
3379,40,19
3362,40,2
3380,40,20
3381,40,21
3382,40,22
3383,40,23
3384,40,24
3385,40,25
3386,40,26
3387,40,27
3388,40,28
3389,40,29
3363,40,3
3390,40,30
3391,40,31
3392,40,32
3393,40,33
3394,40,34
3395,40,35
3396,40,36
3397,40,37
3398,40,38
3399,40,39
3364,40,4
3400,40,40
3401,40,41
3402,40,42
3403,40,43
3404,40,44
3405,40,45
3406,40,46
3407,40,47
3408,40,48
3409,40,49
3365,40,5
3410,40,50
3411,40,51
3412,40,52
3413,40,53
3414,40,54
3415,40,55
3416,40,56
3417,40,57
3418,40,58
3419,40,59
3366,40,6
3420,40,60
3421,40,61
3422,40,62
3423,40,63
3424,40,64
3425,40,65
3426,40,66
3427,40,67
3428,40,68
3429,40,69
3367,40,7
3430,40,70
3431,40,71
3432,40,72
3433,40,73
3434,40,74
3435,40,75
3436,40,76
3437,40,77
3438,40,78
3439,40,79
3368,40,8
3440,40,80
3441,40,81
3442,40,82
3443,40,83
3369,40,9
3444,41,0
3445,41,1
3454,41,10
3455,41,11
3456,41,12
3457,41,13
3458,41,14
3459,41,15
3460,41,16
3461,41,17
3462,41,18
3463,41,19
3446,41,2
3464,41,20
3465,41,21
3466,41,22
3467,41,23
3468,41,24
3469,41,25
3470,41,26
3471,41,27
3472,41,28
3473,41,29
3447,41,3
3474,41,30
3475,41,31
3476,41,32
3477,41,33
3478,41,34
3479,41,35
3480,41,36
3481,41,37
3482,41,38
3483,41,39
3448,41,4
3484,41,40
3485,41,41
3486,41,42
3487,41,43
3488,41,44
3489,41,45
3490,41,46
3491,41,47
3492,41,48
3493,41,49
3449,41,5
3494,41,50
3495,41,51
3496,41,52
3497,41,53
3498,41,54
3499,41,55
3500,41,56
3501,41,57
3502,41,58
3503,41,59
3450,41,6
3504,41,60
3505,41,61
3506,41,62
3507,41,63
3508,41,64
3509,41,65
3510,41,66
3511,41,67
3512,41,68
3513,41,69
3451,41,7
3514,41,70
3515,41,71
3516,41,72
3517,41,73
3518,41,74
3519,41,75
3520,41,76
3521,41,77
3522,41,78
3523,41,79
3452,41,8
3524,41,80
3525,41,81
3526,41,82
3527,41,83
3453,41,9
3528,42,0
3529,42,1
3538,42,10
3539,42,11
3540,42,12
3541,42,13
3542,42,14
3543,42,15
3544,42,16
3545,42,17
3546,42,18
3547,42,19
3530,42,2
3548,42,20
3549,42,21
3550,42,22
3551,42,23
3552,42,24
3553,42,25
3554,42,26
3555,42,27
3556,42,28
3557,42,29
3531,42,3
3558,42,30
3559,42,31
3560,42,32
3561,42,33
3562,42,34
3563,42,35
3564,42,36
3565,42,37
3566,42,38
3567,42,39
3532,42,4
3568,42,40
3569,42,41
3570,42,42
3571,42,43
3572,42,44
3573,42,45
3574,42,46
3575,42,47
3576,42,48
3577,42,49
3533,42,5
3578,42,50
3579,42,51
3580,42,52
3581,42,53
3582,42,54
3583,42,55
3584,42,56
3585,42,57
3586,42,58
3587,42,59
3534,42,6
3588,42,60
3589,42,61
3590,42,62
3591,42,63
3592,42,64
3593,42,65
3594,42,66
3595,42,67
3596,42,68
3597,42,69
3535,42,7
3598,42,70
3599,42,71
3600,42,72
3601,42,73
3602,42,74
3603,42,75
3604,42,76
3605,42,77
3606,42,78
3607,42,79
3536,42,8
3608,42,80
3609,42,81
3610,42,82
3611,42,83
3537,42,9
3612,43,0
3613,43,1
3622,43,10
3623,43,11
3624,43,12
3625,43,13
3626,43,14
3627,43,15
3628,43,16
3629,43,17
3630,43,18
3631,43,19
3614,43,2
3632,43,20
3633,43,21
3634,43,22
3635,43,23
3636,43,24
3637,43,25
3638,43,26
3639,43,27
3640,43,28
3641,43,29
3615,43,3
3642,43,30
3643,43,31
3644,43,32
3645,43,33
3646,43,34
3647,43,35
3648,43,36
3649,43,37
3650,43,38
3651,43,39
3616,43,4
3652,43,40
3653,43,41
3654,43,42
3655,43,43
3656,43,44
3657,43,45
3658,43,46
3659,43,47
3660,43,48
3661,43,49
3617,43,5
3662,43,50
3663,43,51
3664,43,52
3665,43,53
3666,43,54
3667,43,55
3668,43,56
3669,43,57
3670,43,58
3671,43,59
3618,43,6
3672,43,60
3673,43,61
3674,43,62
3675,43,63
3676,43,64
3677,43,65
3678,43,66
3679,43,67
3680,43,68
3681,43,69
3619,43,7
3682,43,70
3683,43,71
3684,43,72
3685,43,73
3686,43,74
3687,43,75
3688,43,76
3689,43,77
3690,43,78
3691,43,79
3620,43,8
3692,43,80
3693,43,81
3694,43,82
3695,43,83
3621,43,9
3696,44,0
3697,44,1
3706,44,10
3707,44,11
3708,44,12
3709,44,13
3710,44,14
3711,44,15
3712,44,16
3713,44,17
3714,44,18
3715,44,19
3698,44,2
3716,44,20
3717,44,21
3718,44,22
3719,44,23
3720,44,24
3721,44,25
3722,44,26
3723,44,27
3724,44,28
3725,44,29
3699,44,3
3726,44,30
3727,44,31
3728,44,32
3729,44,33
3730,44,34
3731,44,35
3732,44,36
3733,44,37
3734,44,38
3735,44,39
3700,44,4
3736,44,40
3737,44,41
3738,44,42
3739,44,43
3740,44,44
3741,44,45
3742,44,46
3743,44,47
3744,44,48
3745,44,49
3701,44,5
3746,44,50
3747,44,51
3748,44,52
3749,44,53
3750,44,54
3751,44,55
3752,44,56
3753,44,57
3754,44,58
3755,44,59
3702,44,6
3756,44,60
3757,44,61
3758,44,62
3759,44,63
3760,44,64
3761,44,65
3762,44,66
3763,44,67
3764,44,68
3765,44,69
3703,44,7
3766,44,70
3767,44,71
3768,44,72
3769,44,73
3770,44,74
3771,44,75
3772,44,76
3773,44,77
3774,44,78
3775,44,79
3704,44,8
3776,44,80
3777,44,81
3778,44,82
3779,44,83
3705,44,9
3780,45,0
3781,45,1
3790,45,10
3791,45,11
3792,45,12
3793,45,13
3794,45,14
3795,45,15
3796,45,16
3797,45,17
3798,45,18
3799,45,19
3782,45,2
3800,45,20
3801,45,21
3802,45,22
3803,45,23
3804,45,24
3805,45,25
3806,45,26
3807,45,27
3808,45,28
3809,45,29
3783,45,3
3810,45,30
3811,45,31
3812,45,32
3813,45,33
3814,45,34
3815,45,35
3816,45,36
3817,45,37
3818,45,38
3819,45,39
3784,45,4
3820,45,40
3821,45,41
3822,45,42
3823,45,43
3824,45,44
3825,45,45
3826,45,46
3827,45,47
3828,45,48
3829,45,49
3785,45,5
3830,45,50
3831,45,51
3832,45,52
3833,45,53
3834,45,54
3835,45,55
3836,45,56
3837,45,57
3838,45,58
3839,45,59
3786,45,6
3840,45,60
3841,45,61
3842,45,62
3843,45,63
3844,45,64
3845,45,65
3846,45,66
3847,45,67
3848,45,68
3849,45,69
3787,45,7
3850,45,70
3851,45,71
3852,45,72
3853,45,73
3854,45,74
3855,45,75
3856,45,76
3857,45,77
3858,45,78
3859,45,79
3788,45,8
3860,45,80
3861,45,81
3862,45,82
3863,45,83
3789,45,9
3864,46,0
3865,46,1
3874,46,10
3875,46,11
3876,46,12
3877,46,13
3878,46,14
3879,46,15
3880,46,16
3881,46,17
3882,46,18
3883,46,19
3866,46,2
3884,46,20
3885,46,21
3886,46,22
3887,46,23
3888,46,24
3889,46,25
3890,46,26
3891,46,27
3892,46,28
3893,46,29
3867,46,3
3894,46,30
3895,46,31
3896,46,32
3897,46,33
3898,46,34
3899,46,35
3900,46,36
3901,46,37
3902,46,38
3903,46,39
3868,46,4
3904,46,40
3905,46,41
3906,46,42
3907,46,43
3908,46,44
3909,46,45
3910,46,46
3911,46,47
3912,46,48
3913,46,49
3869,46,5
3914,46,50
3915,46,51
3916,46,52
3917,46,53
3918,46,54
3919,46,55
3920,46,56
3921,46,57
3922,46,58
3923,46,59
3870,46,6
3924,46,60
3925,46,61
3926,46,62
3927,46,63
3928,46,64
3929,46,65
3930,46,66
3931,46,67
3932,46,68
3933,46,69
3871,46,7
3934,46,70
3935,46,71
3936,46,72
3937,46,73
3938,46,74
3939,46,75
3940,46,76
3941,46,77
3942,46,78
3943,46,79
3872,46,8
3944,46,80
3945,46,81
3946,46,82
3947,46,83
3873,46,9
3948,47,0
3949,47,1
3958,47,10
3959,47,11
3960,47,12
3961,47,13
3962,47,14
3963,47,15
3964,47,16
3965,47,17
3966,47,18
3967,47,19
3950,47,2
3968,47,20
3969,47,21
3970,47,22
3971,47,23
3972,47,24
3973,47,25
3974,47,26
3975,47,27
3976,47,28
3977,47,29
3951,47,3
3978,47,30
3979,47,31
3980,47,32
3981,47,33
3982,47,34
3983,47,35
3984,47,36
3985,47,37
3986,47,38
3987,47,39
3952,47,4
3988,47,40
3989,47,41
3990,47,42
3991,47,43
3992,47,44
3993,47,45
3994,47,46
3995,47,47
3996,47,48
3997,47,49
3953,47,5
3998,47,50
3999,47,51
4000,47,52
4001,47,53
4002,47,54
4003,47,55
4004,47,56
4005,47,57
4006,47,58
4007,47,59
3954,47,6
4008,47,60
4009,47,61
4010,47,62
4011,47,63
4012,47,64
4013,47,65
4014,47,66
4015,47,67
4016,47,68
4017,47,69
3955,47,7
4018,47,70
4019,47,71
4020,47,72
4021,47,73
4022,47,74
4023,47,75
4024,47,76
4025,47,77
4026,47,78
4027,47,79
3956,47,8
4028,47,80
4029,47,81
4030,47,82
4031,47,83
3957,47,9
4032,48,0
4033,48,1
4042,48,10
4043,48,11
4044,48,12
4045,48,13
4046,48,14
4047,48,15
4048,48,16
4049,48,17
4050,48,18
4051,48,19
4034,48,2
4052,48,20
4053,48,21
4054,48,22
4055,48,23
4056,48,24
4057,48,25
4058,48,26
4059,48,27
4060,48,28
4061,48,29
4035,48,3
4062,48,30
4063,48,31
4064,48,32
4065,48,33
4066,48,34
4067,48,35
4068,48,36
4069,48,37
4070,48,38
4071,48,39
4036,48,4
4072,48,40
4073,48,41
4074,48,42
4075,48,43
4076,48,44
4077,48,45
4078,48,46
4079,48,47
4080,48,48
4081,48,49
4037,48,5
4082,48,50
4083,48,51
4084,48,52
4085,48,53
4086,48,54
4087,48,55
4088,48,56
4089,48,57
4090,48,58
4091,48,59
4038,48,6
4092,48,60
4093,48,61
4094,48,62
4095,48,63
4096,48,64
4097,48,65
4098,48,66
4099,48,67
4100,48,68
4101,48,69
4039,48,7
4102,48,70
4103,48,71
4104,48,72
4105,48,73
4106,48,74
4107,48,75
4108,48,76
4109,48,77
4110,48,78
4111,48,79
4040,48,8
4112,48,80
4113,48,81
4114,48,82
4115,48,83
4041,48,9
4116,49,0
4117,49,1
4126,49,10
4127,49,11
4128,49,12
4129,49,13
4130,49,14
4131,49,15
4132,49,16
4133,49,17
4134,49,18
4135,49,19
4118,49,2
4136,49,20
4137,49,21
4138,49,22
4139,49,23
4140,49,24
4141,49,25
4142,49,26
4143,49,27
4144,49,28
4145,49,29
4119,49,3
4146,49,30
4147,49,31
4148,49,32
4149,49,33
4150,49,34
4151,49,35
4152,49,36
4153,49,37
4154,49,38
4155,49,39
4120,49,4
4156,49,40
4157,49,41
4158,49,42
4159,49,43
4160,49,44
4161,49,45
4162,49,46
4163,49,47
4164,49,48
4165,49,49
4121,49,5
4166,49,50
4167,49,51
4168,49,52
4169,49,53
4170,49,54
4171,49,55
4172,49,56
4173,49,57
4174,49,58
4175,49,59
4122,49,6
4176,49,60
4177,49,61
4178,49,62
4179,49,63
4180,49,64
4181,49,65
4182,49,66
4183,49,67
4184,49,68
4185,49,69
4123,49,7
4186,49,70
4187,49,71
4188,49,72
4189,49,73
4190,49,74
4191,49,75
4192,49,76
4193,49,77
4194,49,78
4195,49,79
4124,49,8
4196,49,80
4197,49,81
4198,49,82
4199,49,83
4125,49,9
420,5,0
421,5,1
430,5,10
431,5,11
432,5,12
433,5,13
434,5,14
435,5,15
436,5,16
437,5,17
438,5,18
439,5,19
422,5,2
440,5,20
441,5,21
442,5,22
443,5,23
444,5,24
445,5,25
446,5,26
447,5,27
448,5,28
449,5,29
423,5,3
450,5,30
451,5,31
452,5,32
453,5,33
454,5,34
455,5,35
456,5,36
457,5,37
458,5,38
459,5,39
424,5,4
460,5,40
461,5,41
462,5,42
463,5,43
464,5,44
465,5,45
466,5,46
467,5,47
468,5,48
469,5,49
425,5,5
470,5,50
471,5,51
472,5,52
473,5,53
474,5,54
475,5,55
476,5,56
477,5,57
478,5,58
479,5,59
426,5,6
480,5,60
481,5,61
482,5,62
483,5,63
484,5,64
485,5,65
486,5,66
487,5,67
488,5,68
489,5,69
427,5,7
490,5,70
491,5,71
492,5,72
493,5,73
494,5,74
495,5,75
496,5,76
497,5,77
498,5,78
499,5,79
428,5,8
500,5,80
501,5,81
502,5,82
503,5,83
429,5,9
4200,50,0
4201,50,1
4210,50,10
4211,50,11
4212,50,12
4213,50,13
4214,50,14
4215,50,15
4216,50,16
4217,50,17
4218,50,18
4219,50,19
4202,50,2
4220,50,20
4221,50,21
4222,50,22
4223,50,23
4224,50,24
4225,50,25
4226,50,26
4227,50,27
4228,50,28
4229,50,29
4203,50,3
4230,50,30
4231,50,31
4232,50,32
4233,50,33
4234,50,34
4235,50,35
4236,50,36
4237,50,37
4238,50,38
4239,50,39
4204,50,4
4240,50,40
4241,50,41
4242,50,42
4243,50,43
4244,50,44
4245,50,45
4246,50,46
4247,50,47
4248,50,48
4249,50,49
4205,50,5
4250,50,50
4251,50,51
4252,50,52
4253,50,53
4254,50,54
4255,50,55
4256,50,56
4257,50,57
4258,50,58
4259,50,59
4206,50,6
4260,50,60
4261,50,61
4262,50,62
4263,50,63
4264,50,64
4265,50,65
4266,50,66
4267,50,67
4268,50,68
4269,50,69
4207,50,7
4270,50,70
4271,50,71
4272,50,72
4273,50,73
4274,50,74
4275,50,75
4276,50,76
4277,50,77
4278,50,78
4279,50,79
4208,50,8
4280,50,80
4281,50,81
4282,50,82
4283,50,83
4209,50,9
4284,51,0
4285,51,1
4294,51,10
4295,51,11
4296,51,12
4297,51,13
4298,51,14
4299,51,15
4300,51,16
4301,51,17
4302,51,18
4303,51,19
4286,51,2
4304,51,20
4305,51,21
4306,51,22
4307,51,23
4308,51,24
4309,51,25
4310,51,26
4311,51,27
4312,51,28
4313,51,29
4287,51,3
4314,51,30
4315,51,31
4316,51,32
4317,51,33
4318,51,34
4319,51,35
4320,51,36
4321,51,37
4322,51,38
4323,51,39
4288,51,4
4324,51,40
4325,51,41
4326,51,42
4327,51,43
4328,51,44
4329,51,45
4330,51,46
4331,51,47
4332,51,48
4333,51,49
4289,51,5
4334,51,50
4335,51,51
4336,51,52
4337,51,53
4338,51,54
4339,51,55
4340,51,56
4341,51,57
4342,51,58
4343,51,59
4290,51,6
4344,51,60
4345,51,61
4346,51,62
4347,51,63
4348,51,64
4349,51,65
4350,51,66
4351,51,67
4352,51,68
4353,51,69
4291,51,7
4354,51,70
4355,51,71
4356,51,72
4357,51,73
4358,51,74
4359,51,75
4360,51,76
4361,51,77
4362,51,78
4363,51,79
4292,51,8
4364,51,80
4365,51,81
4366,51,82
4367,51,83
4293,51,9
4368,52,0
4369,52,1
4378,52,10
4379,52,11
4380,52,12
4381,52,13
4382,52,14
4383,52,15
4384,52,16
4385,52,17
4386,52,18
4387,52,19
4370,52,2
4388,52,20
4389,52,21
4390,52,22
4391,52,23
4392,52,24
4393,52,25
4394,52,26
4395,52,27
4396,52,28
4397,52,29
4371,52,3
4398,52,30
4399,52,31
4400,52,32
4401,52,33
4402,52,34
4403,52,35
4404,52,36
4405,52,37
4406,52,38
4407,52,39
4372,52,4
4408,52,40
4409,52,41
4410,52,42
4411,52,43
4412,52,44
4413,52,45
4414,52,46
4415,52,47
4416,52,48
4417,52,49
4373,52,5
4418,52,50
4419,52,51
4420,52,52
4421,52,53
4422,52,54
4423,52,55
4424,52,56
4425,52,57
4426,52,58
4427,52,59
4374,52,6
4428,52,60
4429,52,61
4430,52,62
4431,52,63
4432,52,64
4433,52,65
4434,52,66
4435,52,67
4436,52,68
4437,52,69
4375,52,7
4438,52,70
4439,52,71
4440,52,72
4441,52,73
4442,52,74
4443,52,75
4444,52,76
4445,52,77
4446,52,78
4447,52,79
4376,52,8
4448,52,80
4449,52,81
4450,52,82
4451,52,83
4377,52,9
4452,53,0
4453,53,1
4462,53,10
4463,53,11
4464,53,12
4465,53,13
4466,53,14
4467,53,15
4468,53,16
4469,53,17
4470,53,18
4471,53,19
4454,53,2
4472,53,20
4473,53,21
4474,53,22
4475,53,23
4476,53,24
4477,53,25
4478,53,26
4479,53,27
4480,53,28
4481,53,29
4455,53,3
4482,53,30
4483,53,31
4484,53,32
4485,53,33
4486,53,34
4487,53,35
4488,53,36
4489,53,37
4490,53,38
4491,53,39
4456,53,4
4492,53,40
4493,53,41
4494,53,42
4495,53,43
4496,53,44
4497,53,45
4498,53,46
4499,53,47
4500,53,48
4501,53,49
4457,53,5
4502,53,50
4503,53,51
4504,53,52
4505,53,53
4506,53,54
4507,53,55
4508,53,56
4509,53,57
4510,53,58
4511,53,59
4458,53,6
4512,53,60
4513,53,61
4514,53,62
4515,53,63
4516,53,64
4517,53,65
4518,53,66
4519,53,67
4520,53,68
4521,53,69
4459,53,7
4522,53,70
4523,53,71
4524,53,72
4525,53,73
4526,53,74
4527,53,75
4528,53,76
4529,53,77
4530,53,78
4531,53,79
4460,53,8
4532,53,80
4533,53,81
4534,53,82
4535,53,83
4461,53,9
4536,54,0
4537,54,1
4546,54,10
4547,54,11
4548,54,12
4549,54,13
4550,54,14
4551,54,15
4552,54,16
4553,54,17
4554,54,18
4555,54,19
4538,54,2
4556,54,20
4557,54,21
4558,54,22
4559,54,23
4560,54,24
4561,54,25
4562,54,26
4563,54,27
4564,54,28
4565,54,29
4539,54,3
4566,54,30
4567,54,31
4568,54,32
4569,54,33
4570,54,34
4571,54,35
4572,54,36
4573,54,37
4574,54,38
4575,54,39
4540,54,4
4576,54,40
4577,54,41
4578,54,42
4579,54,43
4580,54,44
4581,54,45
4582,54,46
4583,54,47
4584,54,48
4585,54,49
4541,54,5
4586,54,50
4587,54,51
4588,54,52
4589,54,53
4590,54,54
4591,54,55
4592,54,56
4593,54,57
4594,54,58
4595,54,59
4542,54,6
4596,54,60
4597,54,61
4598,54,62
4599,54,63
4600,54,64
4601,54,65
4602,54,66
4603,54,67
4604,54,68
4605,54,69
4543,54,7
4606,54,70
4607,54,71
4608,54,72
4609,54,73
4610,54,74
4611,54,75
4612,54,76
4613,54,77
4614,54,78
4615,54,79
4544,54,8
4616,54,80
4617,54,81
4618,54,82
4619,54,83
4545,54,9
4620,55,0
4621,55,1
4630,55,10
4631,55,11
4632,55,12
4633,55,13
4634,55,14
4635,55,15
4636,55,16
4637,55,17
4638,55,18
4639,55,19
4622,55,2
4640,55,20
4641,55,21
4642,55,22
4643,55,23
4644,55,24
4645,55,25
4646,55,26
4647,55,27
4648,55,28
4649,55,29
4623,55,3
4650,55,30
4651,55,31
4652,55,32
4653,55,33
4654,55,34
4655,55,35
4656,55,36
4657,55,37
4658,55,38
4659,55,39
4624,55,4
4660,55,40
4661,55,41
4662,55,42
4663,55,43
4664,55,44
4665,55,45
4666,55,46
4667,55,47
4668,55,48
4669,55,49
4625,55,5
4670,55,50
4671,55,51
4672,55,52
4673,55,53
4674,55,54
4675,55,55
4676,55,56
4677,55,57
4678,55,58
4679,55,59
4626,55,6
4680,55,60
4681,55,61
4682,55,62
4683,55,63
4684,55,64
4685,55,65
4686,55,66
4687,55,67
4688,55,68
4689,55,69
4627,55,7
4690,55,70
4691,55,71
4692,55,72
4693,55,73
4694,55,74
4695,55,75
4696,55,76
4697,55,77
4698,55,78
4699,55,79
4628,55,8
4700,55,80
4701,55,81
4702,55,82
4703,55,83
4629,55,9
4704,56,0
4705,56,1
4714,56,10
4715,56,11
4716,56,12
4717,56,13
4718,56,14
4719,56,15
4720,56,16
4721,56,17
4722,56,18
4723,56,19
4706,56,2
4724,56,20
4725,56,21
4726,56,22
4727,56,23
4728,56,24
4729,56,25
4730,56,26
4731,56,27
4732,56,28
4733,56,29
4707,56,3
4734,56,30
4735,56,31
4736,56,32
4737,56,33
4738,56,34
4739,56,35
4740,56,36
4741,56,37
4742,56,38
4743,56,39
4708,56,4
4744,56,40
4745,56,41
4746,56,42
4747,56,43
4748,56,44
4749,56,45
4750,56,46
4751,56,47
4752,56,48
4753,56,49
4709,56,5
4754,56,50
4755,56,51
4756,56,52
4757,56,53
4758,56,54
4759,56,55
4760,56,56
4761,56,57
4762,56,58
4763,56,59
4710,56,6
4764,56,60
4765,56,61
4766,56,62
4767,56,63
4768,56,64
4769,56,65
4770,56,66
4771,56,67
4772,56,68
4773,56,69
4711,56,7
4774,56,70
4775,56,71
4776,56,72
4777,56,73
4778,56,74
4779,56,75
4780,56,76
4781,56,77
4782,56,78
4783,56,79
4712,56,8
4784,56,80
4785,56,81
4786,56,82
4787,56,83
4713,56,9
4788,57,0
4789,57,1
4798,57,10
4799,57,11
4800,57,12
4801,57,13
4802,57,14
4803,57,15
4804,57,16
4805,57,17
4806,57,18
4807,57,19
4790,57,2
4808,57,20
4809,57,21
4810,57,22
4811,57,23
4812,57,24
4813,57,25
4814,57,26
4815,57,27
4816,57,28
4817,57,29
4791,57,3
4818,57,30
4819,57,31
4820,57,32
4821,57,33
4822,57,34
4823,57,35
4824,57,36
4825,57,37
4826,57,38
4827,57,39
4792,57,4
4828,57,40
4829,57,41
4830,57,42
4831,57,43
4832,57,44
4833,57,45
4834,57,46
4835,57,47
4836,57,48
4837,57,49
4793,57,5
4838,57,50
4839,57,51
4840,57,52
4841,57,53
4842,57,54
4843,57,55
4844,57,56
4845,57,57
4846,57,58
4847,57,59
4794,57,6
4848,57,60
4849,57,61
4850,57,62
4851,57,63
4852,57,64
4853,57,65
4854,57,66
4855,57,67
4856,57,68
4857,57,69
4795,57,7
4858,57,70
4859,57,71
4860,57,72
4861,57,73
4862,57,74
4863,57,75
4864,57,76
4865,57,77
4866,57,78
4867,57,79
4796,57,8
4868,57,80
4869,57,81
4870,57,82
4871,57,83
4797,57,9
4872,58,0
4873,58,1
4882,58,10
4883,58,11
4884,58,12
4885,58,13
4886,58,14
4887,58,15
4888,58,16
4889,58,17
4890,58,18
4891,58,19
4874,58,2
4892,58,20
4893,58,21
4894,58,22
4895,58,23
4896,58,24
4897,58,25
4898,58,26
4899,58,27
4900,58,28
4901,58,29
4875,58,3
4902,58,30
4903,58,31
4904,58,32
4905,58,33
4906,58,34
4907,58,35
4908,58,36
4909,58,37
4910,58,38
4911,58,39
4876,58,4
4912,58,40
4913,58,41
4914,58,42
4915,58,43
4916,58,44
4917,58,45
4918,58,46
4919,58,47
4920,58,48
4921,58,49
4877,58,5
4922,58,50
4923,58,51
4924,58,52
4925,58,53
4926,58,54
4927,58,55
4928,58,56
4929,58,57
4930,58,58
4931,58,59
4878,58,6
4932,58,60
4933,58,61
4934,58,62
4935,58,63
4936,58,64
4937,58,65
4938,58,66
4939,58,67
4940,58,68
4941,58,69
4879,58,7
4942,58,70
4943,58,71
4944,58,72
4945,58,73
4946,58,74
4947,58,75
4948,58,76
4949,58,77
4950,58,78
4951,58,79
4880,58,8
4952,58,80
4953,58,81
4954,58,82
4955,58,83
4881,58,9
4956,59,0
4957,59,1
4966,59,10
4967,59,11
4968,59,12
4969,59,13
4970,59,14
4971,59,15
4972,59,16
4973,59,17
4974,59,18
4975,59,19
4958,59,2
4976,59,20
4977,59,21
4978,59,22
4979,59,23
4980,59,24
4981,59,25
4982,59,26
4983,59,27
4984,59,28
4985,59,29
4959,59,3
4986,59,30
4987,59,31
4988,59,32
4989,59,33
4990,59,34
4991,59,35
4992,59,36
4993,59,37
4994,59,38
4995,59,39
4960,59,4
4996,59,40
4997,59,41
4998,59,42
4999,59,43
5000,59,44
5001,59,45
5002,59,46
5003,59,47
5004,59,48
5005,59,49
4961,59,5
5006,59,50
5007,59,51
5008,59,52
5009,59,53
5010,59,54
5011,59,55
5012,59,56
5013,59,57
5014,59,58
5015,59,59
4962,59,6
5016,59,60
5017,59,61
5018,59,62
5019,59,63
5020,59,64
5021,59,65
5022,59,66
5023,59,67
5024,59,68
5025,59,69
4963,59,7
5026,59,70
5027,59,71
5028,59,72
5029,59,73
5030,59,74
5031,59,75
5032,59,76
5033,59,77
5034,59,78
5035,59,79
4964,59,8
5036,59,80
5037,59,81
5038,59,82
5039,59,83
4965,59,9
504,6,0
505,6,1
514,6,10
515,6,11
516,6,12
517,6,13
518,6,14
519,6,15
520,6,16
521,6,17
522,6,18
523,6,19
506,6,2
524,6,20
525,6,21
526,6,22
527,6,23
528,6,24
529,6,25
530,6,26
531,6,27
532,6,28
533,6,29
507,6,3
534,6,30
535,6,31
536,6,32
537,6,33
538,6,34
539,6,35
540,6,36
541,6,37
542,6,38
543,6,39
508,6,4
544,6,40
545,6,41
546,6,42
547,6,43
548,6,44
549,6,45
550,6,46
551,6,47
552,6,48
553,6,49
509,6,5
554,6,50
555,6,51
556,6,52
557,6,53
558,6,54
559,6,55
560,6,56
561,6,57
562,6,58
563,6,59
510,6,6
564,6,60
565,6,61
566,6,62
567,6,63
568,6,64
569,6,65
570,6,66
571,6,67
572,6,68
573,6,69
511,6,7
574,6,70
575,6,71
576,6,72
577,6,73
578,6,74
579,6,75
580,6,76
581,6,77
582,6,78
583,6,79
512,6,8
584,6,80
585,6,81
586,6,82
587,6,83
513,6,9
5040,60,0
5041,60,1
5050,60,10
5051,60,11
5052,60,12
5053,60,13
5054,60,14
5055,60,15
5056,60,16
5057,60,17
5058,60,18
5059,60,19
5042,60,2
5060,60,20
5061,60,21
5062,60,22
5063,60,23
5064,60,24
5065,60,25
5066,60,26
5067,60,27
5068,60,28
5069,60,29
5043,60,3
5070,60,30
5071,60,31
5072,60,32
5073,60,33
5074,60,34
5075,60,35
5076,60,36
5077,60,37
5078,60,38
5079,60,39
5044,60,4
5080,60,40
5081,60,41
5082,60,42
5083,60,43
5084,60,44
5085,60,45
5086,60,46
5087,60,47
5088,60,48
5089,60,49
5045,60,5
5090,60,50
5091,60,51
5092,60,52
5093,60,53
5094,60,54
5095,60,55
5096,60,56
5097,60,57
5098,60,58
5099,60,59
5046,60,6
5100,60,60
5101,60,61
5102,60,62
5103,60,63
5104,60,64
5105,60,65
5106,60,66
5107,60,67
5108,60,68
5109,60,69
5047,60,7
5110,60,70
5111,60,71
5112,60,72
5113,60,73
5114,60,74
5115,60,75
5116,60,76
5117,60,77
5118,60,78
5119,60,79
5048,60,8
5120,60,80
5121,60,81
5122,60,82
5123,60,83
5049,60,9
5124,61,0
5125,61,1
5134,61,10
5135,61,11
5136,61,12
5137,61,13
5138,61,14
5139,61,15
5140,61,16
5141,61,17
5142,61,18
5143,61,19
5126,61,2
5144,61,20
5145,61,21
5146,61,22
5147,61,23
5148,61,24
5149,61,25
5150,61,26
5151,61,27
5152,61,28
5153,61,29
5127,61,3
5154,61,30
5155,61,31
5156,61,32
5157,61,33
5158,61,34
5159,61,35
5160,61,36
5161,61,37
5162,61,38
5163,61,39
5128,61,4
5164,61,40
5165,61,41
5166,61,42
5167,61,43
5168,61,44
5169,61,45
5170,61,46
5171,61,47
5172,61,48
5173,61,49
5129,61,5
5174,61,50
5175,61,51
5176,61,52
5177,61,53
5178,61,54
5179,61,55
5180,61,56
5181,61,57
5182,61,58
5183,61,59
5130,61,6
5184,61,60
5185,61,61
5186,61,62
5187,61,63
5188,61,64
5189,61,65
5190,61,66
5191,61,67
5192,61,68
5193,61,69
5131,61,7
5194,61,70
5195,61,71
5196,61,72
5197,61,73
5198,61,74
5199,61,75
5200,61,76
5201,61,77
5202,61,78
5203,61,79
5132,61,8
5204,61,80
5205,61,81
5206,61,82
5207,61,83
5133,61,9
5208,62,0
5209,62,1
5218,62,10
5219,62,11
5220,62,12
5221,62,13
5222,62,14
5223,62,15
5224,62,16
5225,62,17
5226,62,18
5227,62,19
5210,62,2
5228,62,20
5229,62,21
5230,62,22
5231,62,23
5232,62,24
5233,62,25
5234,62,26
5235,62,27
5236,62,28
5237,62,29
5211,62,3
5238,62,30
5239,62,31
5240,62,32
5241,62,33
5242,62,34
5243,62,35
5244,62,36
5245,62,37
5246,62,38
5247,62,39
5212,62,4
5248,62,40
5249,62,41
5250,62,42
5251,62,43
5252,62,44
5253,62,45
5254,62,46
5255,62,47
5256,62,48
5257,62,49
5213,62,5
5258,62,50
5259,62,51
5260,62,52
5261,62,53
5262,62,54
5263,62,55
5264,62,56
5265,62,57
5266,62,58
5267,62,59
5214,62,6
5268,62,60
5269,62,61
5270,62,62
5271,62,63
5272,62,64
5273,62,65
5274,62,66
5275,62,67
5276,62,68
5277,62,69
5215,62,7
5278,62,70
5279,62,71
5280,62,72
5281,62,73
5282,62,74
5283,62,75
5284,62,76
5285,62,77
5286,62,78
5287,62,79
5216,62,8
5288,62,80
5289,62,81
5290,62,82
5291,62,83
5217,62,9
588,7,0
589,7,1
598,7,10
599,7,11
600,7,12
601,7,13
602,7,14
603,7,15
604,7,16
605,7,17
606,7,18
607,7,19
590,7,2
608,7,20
609,7,21
610,7,22
611,7,23
612,7,24
613,7,25
614,7,26
615,7,27
616,7,28
617,7,29
591,7,3
618,7,30
619,7,31
620,7,32
621,7,33
622,7,34
623,7,35
624,7,36
625,7,37
626,7,38
627,7,39
592,7,4
628,7,40
629,7,41
630,7,42
631,7,43
632,7,44
633,7,45
634,7,46
635,7,47
636,7,48
637,7,49
593,7,5
638,7,50
639,7,51
640,7,52
641,7,53
642,7,54
643,7,55
644,7,56
645,7,57
646,7,58
647,7,59
594,7,6
648,7,60
649,7,61
650,7,62
651,7,63
652,7,64
653,7,65
654,7,66
655,7,67
656,7,68
657,7,69
595,7,7
658,7,70
659,7,71
660,7,72
661,7,73
662,7,74
663,7,75
664,7,76
665,7,77
666,7,78
667,7,79
596,7,8
668,7,80
669,7,81
670,7,82
671,7,83
597,7,9
672,8,0
673,8,1
682,8,10
683,8,11
684,8,12
685,8,13
686,8,14
687,8,15
688,8,16
689,8,17
690,8,18
691,8,19
674,8,2
692,8,20
693,8,21
694,8,22
695,8,23
696,8,24
697,8,25
698,8,26
699,8,27
700,8,28
701,8,29
675,8,3
702,8,30
703,8,31
704,8,32
705,8,33
706,8,34
707,8,35
708,8,36
709,8,37
710,8,38
711,8,39
676,8,4
712,8,40
713,8,41
714,8,42
715,8,43
716,8,44
717,8,45
718,8,46
719,8,47
720,8,48
721,8,49
677,8,5
722,8,50
723,8,51
724,8,52
725,8,53
726,8,54
727,8,55
728,8,56
729,8,57
730,8,58
731,8,59
678,8,6
732,8,60
733,8,61
734,8,62
735,8,63
736,8,64
737,8,65
738,8,66
739,8,67
740,8,68
741,8,69
679,8,7
742,8,70
743,8,71
744,8,72
745,8,73
746,8,74
747,8,75
748,8,76
749,8,77
750,8,78
751,8,79
680,8,8
752,8,80
753,8,81
754,8,82
755,8,83
681,8,9
756,9,0
757,9,1
766,9,10
767,9,11
768,9,12
769,9,13
770,9,14
771,9,15
772,9,16
773,9,17
774,9,18
775,9,19
758,9,2
776,9,20
777,9,21
778,9,22
779,9,23
780,9,24
781,9,25
782,9,26
783,9,27
784,9,28
785,9,29
759,9,3
786,9,30
787,9,31
788,9,32
789,9,33
790,9,34
791,9,35
792,9,36
793,9,37
794,9,38
795,9,39
760,9,4
796,9,40
797,9,41
798,9,42
799,9,43
800,9,44
801,9,45
802,9,46
803,9,47
804,9,48
805,9,49
761,9,5
806,9,50
807,9,51
808,9,52
809,9,53
810,9,54
811,9,55
812,9,56
813,9,57
814,9,58
815,9,59
762,9,6
816,9,60
817,9,61
818,9,62
819,9,63
820,9,64
821,9,65
822,9,66
823,9,67
824,9,68
825,9,69
763,9,7
826,9,70
827,9,71
828,9,72
829,9,73
830,9,74
831,9,75
832,9,76
833,9,77
834,9,78
835,9,79
764,9,8
836,9,80
837,9,81
838,9,82
839,9,83
765,9,9
