0,0,0
1,0,1
10,0,10
11,0,11
12,0,12
13,0,13
14,0,14
15,0,15
16,0,16
17,0,17
18,0,18
19,0,19
2,0,2
20,0,20
21,0,21
22,0,22
23,0,23
24,0,24
25,0,25
26,0,26
27,0,27
28,0,28
29,0,29
3,0,3
30,0,30
31,0,31
32,0,32
33,0,33
34,0,34
35,0,35
36,0,36
37,0,37
38,0,38
39,0,39
4,0,4
40,0,40
41,0,41
42,0,42
43,0,43
44,0,44
45,0,45
46,0,46
47,0,47
48,0,48
49,0,49
5,0,5
50,0,50
51,0,51
52,0,52
53,0,53
54,0,54
55,0,55
56,0,56
57,0,57
58,0,58
59,0,59
6,0,6
60,0,60
61,0,61
62,0,62
63,0,63
64,0,64
65,0,65
66,0,66
67,0,67
68,0,68
69,0,69
7,0,7
70,0,70
71,0,71
72,0,72
73,0,73
74,0,74
75,0,75
76,0,76
77,0,77
78,0,78
79,0,79
8,0,8
80,0,80
81,0,81
82,0,82
83,0,83
84,0,84
85,0,85
86,0,86
87,0,87
88,0,88
89,0,89
9,0,9
90,0,90
91,1,0
92,1,1
101,1,10
102,1,11
103,1,12
104,1,13
105,1,14
106,1,15
107,1,16
108,1,17
109,1,18
110,1,19
93,1,2
111,1,20
112,1,21
113,1,22
114,1,23
115,1,24
116,1,25
117,1,26
118,1,27
119,1,28
120,1,29
94,1,3
121,1,30
122,1,31
123,1,32
124,1,33
125,1,34
126,1,35
127,1,36
128,1,37
129,1,38
130,1,39
95,1,4
131,1,40
132,1,41
133,1,42
134,1,43
135,1,44
136,1,45
137,1,46
138,1,47
139,1,48
140,1,49
96,1,5
141,1,50
142,1,51
143,1,52
144,1,53
145,1,54
146,1,55
147,1,56
148,1,57
149,1,58
150,1,59
97,1,6
151,1,60
152,1,61
153,1,62
154,1,63
155,1,64
156,1,65
157,1,66
158,1,67
159,1,68
160,1,69
98,1,7
161,1,70
162,1,71
163,1,72
164,1,73
165,1,74
166,1,75
167,1,76
168,1,77
169,1,78
170,1,79
99,1,8
171,1,80
172,1,81
173,1,82
174,1,83
175,1,84
176,1,85
177,1,86
178,1,87
179,1,88
180,1,89
100,1,9
181,1,90
910,10,0
911,10,1
920,10,10
921,10,11
922,10,12
923,10,13
924,10,14
925,10,15
926,10,16
927,10,17
928,10,18
929,10,19
912,10,2
930,10,20
931,10,21
932,10,22
933,10,23
934,10,24
935,10,25
936,10,26
937,10,27
938,10,28
939,10,29
913,10,3
940,10,30
941,10,31
942,10,32
943,10,33
944,10,34
945,10,35
946,10,36
947,10,37
948,10,38
949,10,39
914,10,4
950,10,40
951,10,41
952,10,42
953,10,43
954,10,44
955,10,45
956,10,46
957,10,47
958,10,48
959,10,49
915,10,5
960,10,50
961,10,51
962,10,52
963,10,53
964,10,54
965,10,55
966,10,56
967,10,57
968,10,58
969,10,59
916,10,6
970,10,60
971,10,61
972,10,62
973,10,63
974,10,64
975,10,65
976,10,66
977,10,67
978,10,68
979,10,69
917,10,7
980,10,70
981,10,71
982,10,72
983,10,73
984,10,74
985,10,75
986,10,76
987,10,77
988,10,78
989,10,79
918,10,8
990,10,80
991,10,81
992,10,82
993,10,83
994,10,84
995,10,85
996,10,86
997,10,87
998,10,88
999,10,89
919,10,9
1000,10,90
1001,11,0
1002,11,1
1011,11,10
1012,11,11
1013,11,12
1014,11,13
1015,11,14
1016,11,15
1017,11,16
1018,11,17
1019,11,18
1020,11,19
1003,11,2
1021,11,20
1022,11,21
1023,11,22
1024,11,23
1025,11,24
1026,11,25
1027,11,26
1028,11,27
1029,11,28
1030,11,29
1004,11,3
1031,11,30
1032,11,31
1033,11,32
1034,11,33
1035,11,34
1036,11,35
1037,11,36
1038,11,37
1039,11,38
1040,11,39
1005,11,4
1041,11,40
1042,11,41
1043,11,42
1044,11,43
1045,11,44
1046,11,45
1047,11,46
1048,11,47
1049,11,48
1050,11,49
1006,11,5
1051,11,50
1052,11,51
1053,11,52
1054,11,53
1055,11,54
1056,11,55
1057,11,56
1058,11,57
1059,11,58
1060,11,59
1007,11,6
1061,11,60
1062,11,61
1063,11,62
1064,11,63
1065,11,64
1066,11,65
1067,11,66
1068,11,67
1069,11,68
1070,11,69
1008,11,7
1071,11,70
1072,11,71
1073,11,72
1074,11,73
1075,11,74
1076,11,75
1077,11,76
1078,11,77
1079,11,78
1080,11,79
1009,11,8
1081,11,80
1082,11,81
1083,11,82
1084,11,83
1085,11,84
1086,11,85
1087,11,86
1088,11,87
1089,11,88
1090,11,89
1010,11,9
1091,11,90
1092,12,0
1093,12,1
1102,12,10
1103,12,11
1104,12,12
1105,12,13
1106,12,14
1107,12,15
1108,12,16
1109,12,17
1110,12,18
1111,12,19
1094,12,2
1112,12,20
1113,12,21
1114,12,22
1115,12,23
1116,12,24
1117,12,25
1118,12,26
1119,12,27
1120,12,28
1121,12,29
1095,12,3
1122,12,30
1123,12,31
1124,12,32
1125,12,33
1126,12,34
1127,12,35
1128,12,36
1129,12,37
1130,12,38
1131,12,39
1096,12,4
1132,12,40
1133,12,41
1134,12,42
1135,12,43
1136,12,44
1137,12,45
1138,12,46
1139,12,47
1140,12,48
1141,12,49
1097,12,5
1142,12,50
1143,12,51
1144,12,52
1145,12,53
1146,12,54
1147,12,55
1148,12,56
1149,12,57
1150,12,58
1151,12,59
1098,12,6
1152,12,60
1153,12,61
1154,12,62
1155,12,63
1156,12,64
1157,12,65
1158,12,66
1159,12,67
1160,12,68
1161,12,69
1099,12,7
1162,12,70
1163,12,71
1164,12,72
1165,12,73
1166,12,74
1167,12,75
1168,12,76
1169,12,77
1170,12,78
1171,12,79
1100,12,8
1172,12,80
1173,12,81
1174,12,82
1175,12,83
1176,12,84
1177,12,85
1178,12,86
1179,12,87
1180,12,88
1181,12,89
1101,12,9
1182,12,90
1183,13,0
1184,13,1
1193,13,10
1194,13,11
1195,13,12
1196,13,13
1197,13,14
1198,13,15
1199,13,16
1200,13,17
1201,13,18
1202,13,19
1185,13,2
1203,13,20
1204,13,21
1205,13,22
1206,13,23
1207,13,24
1208,13,25
1209,13,26
1210,13,27
1211,13,28
1212,13,29
1186,13,3
1213,13,30
1214,13,31
1215,13,32
1216,13,33
1217,13,34
1218,13,35
1219,13,36
1220,13,37
1221,13,38
1222,13,39
1187,13,4
1223,13,40
1224,13,41
1225,13,42
1226,13,43
1227,13,44
1228,13,45
1229,13,46
1230,13,47
1231,13,48
1232,13,49
1188,13,5
1233,13,50
1234,13,51
1235,13,52
1236,13,53
1237,13,54
1238,13,55
1239,13,56
1240,13,57
1241,13,58
1242,13,59
1189,13,6
1243,13,60
1244,13,61
1245,13,62
1246,13,63
1247,13,64
1248,13,65
1249,13,66
1250,13,67
1251,13,68
1252,13,69
1190,13,7
1253,13,70
1254,13,71
1255,13,72
1256,13,73
1257,13,74
1258,13,75
1259,13,76
1260,13,77
1261,13,78
1262,13,79
1191,13,8
1263,13,80
1264,13,81
1265,13,82
1266,13,83
1267,13,84
1268,13,85
1269,13,86
1270,13,87
1271,13,88
1272,13,89
1192,13,9
1273,13,90
1274,14,0
1275,14,1
1284,14,10
1285,14,11
1286,14,12
1287,14,13
1288,14,14
1289,14,15
1290,14,16
1291,14,17
1292,14,18
1293,14,19
1276,14,2
1294,14,20
1295,14,21
1296,14,22
1297,14,23
1298,14,24
1299,14,25
1300,14,26
1301,14,27
1302,14,28
1303,14,29
1277,14,3
1304,14,30
1305,14,31
1306,14,32
1307,14,33
1308,14,34
1309,14,35
1310,14,36
1311,14,37
1312,14,38
1313,14,39
1278,14,4
1314,14,40
1315,14,41
1316,14,42
1317,14,43
1318,14,44
1319,14,45
1320,14,46
1321,14,47
1322,14,48
1323,14,49
1279,14,5
1324,14,50
1325,14,51
1326,14,52
1327,14,53
1328,14,54
1329,14,55
1330,14,56
1331,14,57
1332,14,58
1333,14,59
1280,14,6
1334,14,60
1335,14,61
1336,14,62
1337,14,63
1338,14,64
1339,14,65
1340,14,66
1341,14,67
1342,14,68
1343,14,69
1281,14,7
1344,14,70
1345,14,71
1346,14,72
1347,14,73
1348,14,74
1349,14,75
1350,14,76
1351,14,77
1352,14,78
1353,14,79
1282,14,8
1354,14,80
1355,14,81
1356,14,82
1357,14,83
1358,14,84
1359,14,85
1360,14,86
1361,14,87
1362,14,88
1363,14,89
1283,14,9
1364,14,90
1365,15,0
1366,15,1
1375,15,10
1376,15,11
1377,15,12
1378,15,13
1379,15,14
1380,15,15
1381,15,16
1382,15,17
1383,15,18
1384,15,19
1367,15,2
1385,15,20
1386,15,21
1387,15,22
1388,15,23
1389,15,24
1390,15,25
1391,15,26
1392,15,27
1393,15,28
1394,15,29
1368,15,3
1395,15,30
1396,15,31
1397,15,32
1398,15,33
1399,15,34
1400,15,35
1401,15,36
1402,15,37
1403,15,38
1404,15,39
1369,15,4
1405,15,40
1406,15,41
1407,15,42
1408,15,43
1409,15,44
1410,15,45
1411,15,46
1412,15,47
1413,15,48
1414,15,49
1370,15,5
1415,15,50
1416,15,51
1417,15,52
1418,15,53
1419,15,54
1420,15,55
1421,15,56
1422,15,57
1423,15,58
1424,15,59
1371,15,6
1425,15,60
1426,15,61
1427,15,62
1428,15,63
1429,15,64
1430,15,65
1431,15,66
1432,15,67
1433,15,68
1434,15,69
1372,15,7
1435,15,70
1436,15,71
1437,15,72
1438,15,73
1439,15,74
1440,15,75
1441,15,76
1442,15,77
1443,15,78
1444,15,79
1373,15,8
1445,15,80
1446,15,81
1447,15,82
1448,15,83
1449,15,84
1450,15,85
1451,15,86
1452,15,87
1453,15,88
1454,15,89
1374,15,9
1455,15,90
1456,16,0
1457,16,1
1466,16,10
1467,16,11
1468,16,12
1469,16,13
1470,16,14
1471,16,15
1472,16,16
1473,16,17
1474,16,18
1475,16,19
1458,16,2
1476,16,20
1477,16,21
1478,16,22
1479,16,23
1480,16,24
1481,16,25
1482,16,26
1483,16,27
1484,16,28
1485,16,29
1459,16,3
1486,16,30
1487,16,31
1488,16,32
1489,16,33
1490,16,34
1491,16,35
1492,16,36
1493,16,37
1494,16,38
1495,16,39
1460,16,4
1496,16,40
1497,16,41
1498,16,42
1499,16,43
1500,16,44
1501,16,45
1502,16,46
1503,16,47
1504,16,48
1505,16,49
1461,16,5
1506,16,50
1507,16,51
1508,16,52
1509,16,53
1510,16,54
1511,16,55
1512,16,56
1513,16,57
1514,16,58
1515,16,59
1462,16,6
1516,16,60
1517,16,61
1518,16,62
1519,16,63
1520,16,64
1521,16,65
1522,16,66
1523,16,67
1524,16,68
1525,16,69
1463,16,7
1526,16,70
1527,16,71
1528,16,72
1529,16,73
1530,16,74
1531,16,75
1532,16,76
1533,16,77
1534,16,78
1535,16,79
1464,16,8
1536,16,80
1537,16,81
1538,16,82
1539,16,83
1540,16,84
1541,16,85
1542,16,86
1543,16,87
1544,16,88
1545,16,89
1465,16,9
1546,16,90
1547,17,0
1548,17,1
1557,17,10
1558,17,11
1559,17,12
1560,17,13
1561,17,14
1562,17,15
1563,17,16
1564,17,17
1565,17,18
1566,17,19
1549,17,2
1567,17,20
1568,17,21
1569,17,22
1570,17,23
1571,17,24
1572,17,25
1573,17,26
1574,17,27
1575,17,28
1576,17,29
1550,17,3
1577,17,30
1578,17,31
1579,17,32
1580,17,33
1581,17,34
1582,17,35
1583,17,36
1584,17,37
1585,17,38
1586,17,39
1551,17,4
1587,17,40
1588,17,41
1589,17,42
1590,17,43
1591,17,44
1592,17,45
1593,17,46
1594,17,47
1595,17,48
1596,17,49
1552,17,5
1597,17,50
1598,17,51
1599,17,52
1600,17,53
1601,17,54
1602,17,55
1603,17,56
1604,17,57
1605,17,58
1606,17,59
1553,17,6
1607,17,60
1608,17,61
1609,17,62
1610,17,63
1611,17,64
1612,17,65
1613,17,66
1614,17,67
1615,17,68
1616,17,69
1554,17,7
1617,17,70
1618,17,71
1619,17,72
1620,17,73
1621,17,74
1622,17,75
1623,17,76
1624,17,77
1625,17,78
1626,17,79
1555,17,8
1627,17,80
1628,17,81
1629,17,82
1630,17,83
1631,17,84
1632,17,85
1633,17,86
1634,17,87
1635,17,88
1636,17,89
1556,17,9
1637,17,90
1638,18,0
1639,18,1
1648,18,10
1649,18,11
1650,18,12
1651,18,13
1652,18,14
1653,18,15
1654,18,16
1655,18,17
1656,18,18
1657,18,19
1640,18,2
1658,18,20
1659,18,21
1660,18,22
1661,18,23
1662,18,24
1663,18,25
1664,18,26
1665,18,27
1666,18,28
1667,18,29
1641,18,3
1668,18,30
1669,18,31
1670,18,32
1671,18,33
1672,18,34
1673,18,35
1674,18,36
1675,18,37
1676,18,38
1677,18,39
1642,18,4
1678,18,40
1679,18,41
1680,18,42
1681,18,43
1682,18,44
1683,18,45
1684,18,46
1685,18,47
1686,18,48
1687,18,49
1643,18,5
1688,18,50
1689,18,51
1690,18,52
1691,18,53
1692,18,54
1693,18,55
1694,18,56
1695,18,57
1696,18,58
1697,18,59
1644,18,6
1698,18,60
1699,18,61
1700,18,62
1701,18,63
1702,18,64
1703,18,65
1704,18,66
1705,18,67
1706,18,68
1707,18,69
1645,18,7
1708,18,70
1709,18,71
1710,18,72
1711,18,73
1712,18,74
1713,18,75
1714,18,76
1715,18,77
1716,18,78
1717,18,79
1646,18,8
1718,18,80
1719,18,81
1720,18,82
1721,18,83
1722,18,84
1723,18,85
1724,18,86
1725,18,87
1726,18,88
1727,18,89
1647,18,9
1728,18,90
1729,19,0
1730,19,1
1739,19,10
1740,19,11
1741,19,12
1742,19,13
1743,19,14
1744,19,15
1745,19,16
1746,19,17
1747,19,18
1748,19,19
1731,19,2
1749,19,20
1750,19,21
1751,19,22
1752,19,23
1753,19,24
1754,19,25
1755,19,26
1756,19,27
1757,19,28
1758,19,29
1732,19,3
1759,19,30
1760,19,31
1761,19,32
1762,19,33
1763,19,34
1764,19,35
1765,19,36
1766,19,37
1767,19,38
1768,19,39
1733,19,4
1769,19,40
1770,19,41
1771,19,42
1772,19,43
1773,19,44
1774,19,45
1775,19,46
1776,19,47
1777,19,48
1778,19,49
1734,19,5
1779,19,50
1780,19,51
1781,19,52
1782,19,53
1783,19,54
1784,19,55
1785,19,56
1786,19,57
1787,19,58
1788,19,59
1735,19,6
1789,19,60
1790,19,61
1791,19,62
1792,19,63
1793,19,64
1794,19,65
1795,19,66
1796,19,67
1797,19,68
1798,19,69
1736,19,7
1799,19,70
1800,19,71
1801,19,72
1802,19,73
1803,19,74
1804,19,75
1805,19,76
1806,19,77
1807,19,78
1808,19,79
1737,19,8
1809,19,80
1810,19,81
1811,19,82
1812,19,83
1813,19,84
1814,19,85
1815,19,86
1816,19,87
1817,19,88
1818,19,89
1738,19,9
1819,19,90
182,2,0
183,2,1
192,2,10
193,2,11
194,2,12
195,2,13
196,2,14
197,2,15
198,2,16
199,2,17
200,2,18
201,2,19
184,2,2
202,2,20
203,2,21
204,2,22
205,2,23
206,2,24
207,2,25
208,2,26
209,2,27
210,2,28
211,2,29
185,2,3
212,2,30
213,2,31
214,2,32
215,2,33
216,2,34
217,2,35
218,2,36
219,2,37
220,2,38
221,2,39
186,2,4
222,2,40
223,2,41
224,2,42
225,2,43
226,2,44
227,2,45
228,2,46
229,2,47
230,2,48
231,2,49
187,2,5
232,2,50
233,2,51
234,2,52
235,2,53
236,2,54
237,2,55
238,2,56
239,2,57
240,2,58
241,2,59
188,2,6
242,2,60
243,2,61
244,2,62
245,2,63
246,2,64
247,2,65
248,2,66
249,2,67
250,2,68
251,2,69
189,2,7
252,2,70
253,2,71
254,2,72
255,2,73
256,2,74
257,2,75
258,2,76
259,2,77
260,2,78
261,2,79
190,2,8
262,2,80
263,2,81
264,2,82
265,2,83
266,2,84
267,2,85
268,2,86
269,2,87
270,2,88
271,2,89
191,2,9
272,2,90
1820,20,0
1821,20,1
1830,20,10
1831,20,11
1832,20,12
1833,20,13
1834,20,14
1835,20,15
1836,20,16
1837,20,17
1838,20,18
1839,20,19
1822,20,2
1840,20,20
1841,20,21
1842,20,22
1843,20,23
1844,20,24
1845,20,25
1846,20,26
1847,20,27
1848,20,28
1849,20,29
1823,20,3
1850,20,30
1851,20,31
1852,20,32
1853,20,33
1854,20,34
1855,20,35
1856,20,36
1857,20,37
1858,20,38
1859,20,39
1824,20,4
1860,20,40
1861,20,41
1862,20,42
1863,20,43
1864,20,44
1865,20,45
1866,20,46
1867,20,47
1868,20,48
1869,20,49
1825,20,5
1870,20,50
1871,20,51
1872,20,52
1873,20,53
1874,20,54
1875,20,55
1876,20,56
1877,20,57
1878,20,58
1879,20,59
1826,20,6
1880,20,60
1881,20,61
1882,20,62
1883,20,63
1884,20,64
1885,20,65
1886,20,66
1887,20,67
1888,20,68
1889,20,69
1827,20,7
1890,20,70
1891,20,71
1892,20,72
1893,20,73
1894,20,74
1895,20,75
1896,20,76
1897,20,77
1898,20,78
1899,20,79
1828,20,8
1900,20,80
1901,20,81
1902,20,82
1903,20,83
1904,20,84
1905,20,85
1906,20,86
1907,20,87
1908,20,88
1909,20,89
1829,20,9
1910,20,90
1911,21,0
1912,21,1
1921,21,10
1922,21,11
1923,21,12
1924,21,13
1925,21,14
1926,21,15
1927,21,16
1928,21,17
1929,21,18
1930,21,19
1913,21,2
1931,21,20
1932,21,21
1933,21,22
1934,21,23
1935,21,24
1936,21,25
1937,21,26
1938,21,27
1939,21,28
1940,21,29
1914,21,3
1941,21,30
1942,21,31
1943,21,32
1944,21,33
1945,21,34
1946,21,35
1947,21,36
1948,21,37
1949,21,38
1950,21,39
1915,21,4
1951,21,40
1952,21,41
1953,21,42
1954,21,43
1955,21,44
1956,21,45
1957,21,46
1958,21,47
1959,21,48
1960,21,49
1916,21,5
1961,21,50
1962,21,51
1963,21,52
1964,21,53
1965,21,54
1966,21,55
1967,21,56
1968,21,57
1969,21,58
1970,21,59
1917,21,6
1971,21,60
1972,21,61
1973,21,62
1974,21,63
1975,21,64
1976,21,65
1977,21,66
1978,21,67
1979,21,68
1980,21,69
1918,21,7
1981,21,70
1982,21,71
1983,21,72
1984,21,73
1985,21,74
1986,21,75
1987,21,76
1988,21,77
1989,21,78
1990,21,79
1919,21,8
1991,21,80
1992,21,81
1993,21,82
1994,21,83
1995,21,84
1996,21,85
1997,21,86
1998,21,87
1999,21,88
2000,21,89
1920,21,9
2001,21,90
2002,22,0
2003,22,1
2012,22,10
2013,22,11
2014,22,12
2015,22,13
2016,22,14
2017,22,15
2018,22,16
2019,22,17
2020,22,18
2021,22,19
2004,22,2
2022,22,20
2023,22,21
2024,22,22
2025,22,23
2026,22,24
2027,22,25
2028,22,26
2029,22,27
2030,22,28
2031,22,29
2005,22,3
2032,22,30
2033,22,31
2034,22,32
2035,22,33
2036,22,34
2037,22,35
2038,22,36
2039,22,37
2040,22,38
2041,22,39
2006,22,4
2042,22,40
2043,22,41
2044,22,42
2045,22,43
2046,22,44
2047,22,45
2048,22,46
2049,22,47
2050,22,48
2051,22,49
2007,22,5
2052,22,50
2053,22,51
2054,22,52
2055,22,53
2056,22,54
2057,22,55
2058,22,56
2059,22,57
2060,22,58
2061,22,59
2008,22,6
2062,22,60
2063,22,61
2064,22,62
2065,22,63
2066,22,64
2067,22,65
2068,22,66
2069,22,67
2070,22,68
2071,22,69
2009,22,7
2072,22,70
2073,22,71
2074,22,72
2075,22,73
2076,22,74
2077,22,75
2078,22,76
2079,22,77
2080,22,78
2081,22,79
2010,22,8
2082,22,80
2083,22,81
2084,22,82
2085,22,83
2086,22,84
2087,22,85
2088,22,86
2089,22,87
2090,22,88
2091,22,89
2011,22,9
2092,22,90
2093,23,0
2094,23,1
2103,23,10
2104,23,11
2105,23,12
2106,23,13
2107,23,14
2108,23,15
2109,23,16
2110,23,17
2111,23,18
2112,23,19
2095,23,2
2113,23,20
2114,23,21
2115,23,22
2116,23,23
2117,23,24
2118,23,25
2119,23,26
2120,23,27
2121,23,28
2122,23,29
2096,23,3
2123,23,30
2124,23,31
2125,23,32
2126,23,33
2127,23,34
2128,23,35
2129,23,36
2130,23,37
2131,23,38
2132,23,39
2097,23,4
2133,23,40
2134,23,41
2135,23,42
2136,23,43
2137,23,44
2138,23,45
2139,23,46
2140,23,47
2141,23,48
2142,23,49
2098,23,5
2143,23,50
2144,23,51
2145,23,52
2146,23,53
2147,23,54
2148,23,55
2149,23,56
2150,23,57
2151,23,58
2152,23,59
2099,23,6
2153,23,60
2154,23,61
2155,23,62
2156,23,63
2157,23,64
2158,23,65
2159,23,66
2160,23,67
2161,23,68
2162,23,69
2100,23,7
2163,23,70
2164,23,71
2165,23,72
2166,23,73
2167,23,74
2168,23,75
2169,23,76
2170,23,77
2171,23,78
2172,23,79
2101,23,8
2173,23,80
2174,23,81
2175,23,82
2176,23,83
2177,23,84
2178,23,85
2179,23,86
2180,23,87
2181,23,88
2182,23,89
2102,23,9
2183,23,90
2184,24,0
2185,24,1
2194,24,10
2195,24,11
2196,24,12
2197,24,13
2198,24,14
2199,24,15
2200,24,16
2201,24,17
2202,24,18
2203,24,19
2186,24,2
2204,24,20
2205,24,21
2206,24,22
2207,24,23
2208,24,24
2209,24,25
2210,24,26
2211,24,27
2212,24,28
2213,24,29
2187,24,3
2214,24,30
2215,24,31
2216,24,32
2217,24,33
2218,24,34
2219,24,35
2220,24,36
2221,24,37
2222,24,38
2223,24,39
2188,24,4
2224,24,40
2225,24,41
2226,24,42
2227,24,43
2228,24,44
2229,24,45
2230,24,46
2231,24,47
2232,24,48
2233,24,49
2189,24,5
2234,24,50
2235,24,51
2236,24,52
2237,24,53
2238,24,54
2239,24,55
2240,24,56
2241,24,57
2242,24,58
2243,24,59
2190,24,6
2244,24,60
2245,24,61
2246,24,62
2247,24,63
2248,24,64
2249,24,65
2250,24,66
2251,24,67
2252,24,68
2253,24,69
2191,24,7
2254,24,70
2255,24,71
2256,24,72
2257,24,73
2258,24,74
2259,24,75
2260,24,76
2261,24,77
2262,24,78
2263,24,79
2192,24,8
2264,24,80
2265,24,81
2266,24,82
2267,24,83
2268,24,84
2269,24,85
2270,24,86
2271,24,87
2272,24,88
2273,24,89
2193,24,9
2274,24,90
2275,25,0
2276,25,1
2285,25,10
2286,25,11
2287,25,12
2288,25,13
2289,25,14
2290,25,15
2291,25,16
2292,25,17
2293,25,18
2294,25,19
2277,25,2
2295,25,20
2296,25,21
2297,25,22
2298,25,23
2299,25,24
2300,25,25
2301,25,26
2302,25,27
2303,25,28
2304,25,29
2278,25,3
2305,25,30
2306,25,31
2307,25,32
2308,25,33
2309,25,34
2310,25,35
2311,25,36
2312,25,37
2313,25,38
2314,25,39
2279,25,4
2315,25,40
2316,25,41
2317,25,42
2318,25,43
2319,25,44
2320,25,45
2321,25,46
2322,25,47
2323,25,48
2324,25,49
2280,25,5
2325,25,50
2326,25,51
2327,25,52
2328,25,53
2329,25,54
2330,25,55
2331,25,56
2332,25,57
2333,25,58
2334,25,59
2281,25,6
2335,25,60
2336,25,61
2337,25,62
2338,25,63
2339,25,64
2340,25,65
2341,25,66
2342,25,67
2343,25,68
2344,25,69
2282,25,7
2345,25,70
2346,25,71
2347,25,72
2348,25,73
2349,25,74
2350,25,75
2351,25,76
2352,25,77
2353,25,78
2354,25,79
2283,25,8
2355,25,80
2356,25,81
2357,25,82
2358,25,83
2359,25,84
2360,25,85
2361,25,86
2362,25,87
2363,25,88
2364,25,89
2284,25,9
2365,25,90
2366,26,0
2367,26,1
2376,26,10
2377,26,11
2378,26,12
2379,26,13
2380,26,14
2381,26,15
2382,26,16
2383,26,17
2384,26,18
2385,26,19
2368,26,2
2386,26,20
2387,26,21
2388,26,22
2389,26,23
2390,26,24
2391,26,25
2392,26,26
2393,26,27
2394,26,28
2395,26,29
2369,26,3
2396,26,30
2397,26,31
2398,26,32
2399,26,33
2400,26,34
2401,26,35
2402,26,36
2403,26,37
2404,26,38
2405,26,39
2370,26,4
2406,26,40
2407,26,41
2408,26,42
2409,26,43
2410,26,44
2411,26,45
2412,26,46
2413,26,47
2414,26,48
2415,26,49
2371,26,5
2416,26,50
2417,26,51
2418,26,52
2419,26,53
2420,26,54
2421,26,55
2422,26,56
2423,26,57
2424,26,58
2425,26,59
2372,26,6
2426,26,60
2427,26,61
2428,26,62
2429,26,63
2430,26,64
2431,26,65
2432,26,66
2433,26,67
2434,26,68
2435,26,69
2373,26,7
2436,26,70
2437,26,71
2438,26,72
2439,26,73
2440,26,74
2441,26,75
2442,26,76
2443,26,77
2444,26,78
2445,26,79
2374,26,8
2446,26,80
2447,26,81
2448,26,82
2449,26,83
2450,26,84
2451,26,85
2452,26,86
2453,26,87
2454,26,88
2455,26,89
2375,26,9
2456,26,90
2457,27,0
2458,27,1
2467,27,10
2468,27,11
2469,27,12
2470,27,13
2471,27,14
2472,27,15
2473,27,16
2474,27,17
2475,27,18
2476,27,19
2459,27,2
2477,27,20
2478,27,21
2479,27,22
2480,27,23
2481,27,24
2482,27,25
2483,27,26
2484,27,27
2485,27,28
2486,27,29
2460,27,3
2487,27,30
2488,27,31
2489,27,32
2490,27,33
2491,27,34
2492,27,35
2493,27,36
2494,27,37
2495,27,38
2496,27,39
2461,27,4
2497,27,40
2498,27,41
2499,27,42
2500,27,43
2501,27,44
2502,27,45
2503,27,46
2504,27,47
2505,27,48
2506,27,49
2462,27,5
2507,27,50
2508,27,51
2509,27,52
2510,27,53
2511,27,54
2512,27,55
2513,27,56
2514,27,57
2515,27,58
2516,27,59
2463,27,6
2517,27,60
2518,27,61
2519,27,62
2520,27,63
2521,27,64
2522,27,65
2523,27,66
2524,27,67
2525,27,68
2526,27,69
2464,27,7
2527,27,70
2528,27,71
2529,27,72
2530,27,73
2531,27,74
2532,27,75
2533,27,76
2534,27,77
2535,27,78
2536,27,79
2465,27,8
2537,27,80
2538,27,81
2539,27,82
2540,27,83
2541,27,84
2542,27,85
2543,27,86
2544,27,87
2545,27,88
2546,27,89
2466,27,9
2547,27,90
2548,28,0
2549,28,1
2558,28,10
2559,28,11
2560,28,12
2561,28,13
2562,28,14
2563,28,15
2564,28,16
2565,28,17
2566,28,18
2567,28,19
2550,28,2
2568,28,20
2569,28,21
2570,28,22
2571,28,23
2572,28,24
2573,28,25
2574,28,26
2575,28,27
2576,28,28
2577,28,29
2551,28,3
2578,28,30
2579,28,31
2580,28,32
2581,28,33
2582,28,34
2583,28,35
2584,28,36
2585,28,37
2586,28,38
2587,28,39
2552,28,4
2588,28,40
2589,28,41
2590,28,42
2591,28,43
2592,28,44
2593,28,45
2594,28,46
2595,28,47
2596,28,48
2597,28,49
2553,28,5
2598,28,50
2599,28,51
2600,28,52
2601,28,53
2602,28,54
2603,28,55
2604,28,56
2605,28,57
2606,28,58
2607,28,59
2554,28,6
2608,28,60
2609,28,61
2610,28,62
2611,28,63
2612,28,64
2613,28,65
2614,28,66
2615,28,67
2616,28,68
2617,28,69
2555,28,7
2618,28,70
2619,28,71
2620,28,72
2621,28,73
2622,28,74
2623,28,75
2624,28,76
2625,28,77
2626,28,78
2627,28,79
2556,28,8
2628,28,80
2629,28,81
2630,28,82
2631,28,83
2632,28,84
2633,28,85
2634,28,86
2635,28,87
2636,28,88
2637,28,89
2557,28,9
2638,28,90
2639,29,0
2640,29,1
2649,29,10
2650,29,11
2651,29,12
2652,29,13
2653,29,14
2654,29,15
2655,29,16
2656,29,17
2657,29,18
2658,29,19
2641,29,2
2659,29,20
2660,29,21
2661,29,22
2662,29,23
2663,29,24
2664,29,25
2665,29,26
2666,29,27
2667,29,28
2668,29,29
2642,29,3
2669,29,30
2670,29,31
2671,29,32
2672,29,33
2673,29,34
2674,29,35
2675,29,36
2676,29,37
2677,29,38
2678,29,39
2643,29,4
2679,29,40
2680,29,41
2681,29,42
2682,29,43
2683,29,44
2684,29,45
2685,29,46
2686,29,47
2687,29,48
2688,29,49
2644,29,5
2689,29,50
2690,29,51
2691,29,52
2692,29,53
2693,29,54
2694,29,55
2695,29,56
2696,29,57
2697,29,58
2698,29,59
2645,29,6
2699,29,60
2700,29,61
2701,29,62
2702,29,63
2703,29,64
2704,29,65
2705,29,66
2706,29,67
2707,29,68
2708,29,69
2646,29,7
2709,29,70
2710,29,71
2711,29,72
2712,29,73
2713,29,74
2714,29,75
2715,29,76
2716,29,77
2717,29,78
2718,29,79
2647,29,8
2719,29,80
2720,29,81
2721,29,82
2722,29,83
2723,29,84
2724,29,85
2725,29,86
2726,29,87
2727,29,88
2728,29,89
2648,29,9
2729,29,90
273,3,0
274,3,1
283,3,10
284,3,11
285,3,12
286,3,13
287,3,14
288,3,15
289,3,16
290,3,17
291,3,18
292,3,19
275,3,2
293,3,20
294,3,21
295,3,22
296,3,23
297,3,24
298,3,25
299,3,26
300,3,27
301,3,28
302,3,29
276,3,3
303,3,30
304,3,31
305,3,32
306,3,33
307,3,34
308,3,35
309,3,36
310,3,37
311,3,38
312,3,39
277,3,4
313,3,40
314,3,41
315,3,42
316,3,43
317,3,44
318,3,45
319,3,46
320,3,47
321,3,48
322,3,49
278,3,5
323,3,50
324,3,51
325,3,52
326,3,53
327,3,54
328,3,55
329,3,56
330,3,57
331,3,58
332,3,59
279,3,6
333,3,60
334,3,61
335,3,62
336,3,63
337,3,64
338,3,65
339,3,66
340,3,67
341,3,68
342,3,69
280,3,7
343,3,70
344,3,71
345,3,72
346,3,73
347,3,74
348,3,75
349,3,76
350,3,77
351,3,78
352,3,79
281,3,8
353,3,80
354,3,81
355,3,82
356,3,83
357,3,84
358,3,85
359,3,86
360,3,87
361,3,88
362,3,89
282,3,9
363,3,90
2730,30,0
2731,30,1
2740,30,10
2741,30,11
2742,30,12
2743,30,13
2744,30,14
2745,30,15
2746,30,16
2747,30,17
2748,30,18
2749,30,19
2732,30,2
2750,30,20
2751,30,21
2752,30,22
2753,30,23
2754,30,24
2755,30,25
2756,30,26
2757,30,27
2758,30,28
2759,30,29
2733,30,3
2760,30,30
2761,30,31
2762,30,32
2763,30,33
2764,30,34
2765,30,35
2766,30,36
2767,30,37
2768,30,38
2769,30,39
2734,30,4
2770,30,40
2771,30,41
2772,30,42
2773,30,43
2774,30,44
2775,30,45
2776,30,46
2777,30,47
2778,30,48
2779,30,49
2735,30,5
2780,30,50
2781,30,51
2782,30,52
2783,30,53
2784,30,54
2785,30,55
2786,30,56
2787,30,57
2788,30,58
2789,30,59
2736,30,6
2790,30,60
2791,30,61
2792,30,62
2793,30,63
2794,30,64
2795,30,65
2796,30,66
2797,30,67
2798,30,68
2799,30,69
2737,30,7
2800,30,70
2801,30,71
2802,30,72
2803,30,73
2804,30,74
2805,30,75
2806,30,76
2807,30,77
2808,30,78
2809,30,79
2738,30,8
2810,30,80
2811,30,81
2812,30,82
2813,30,83
2814,30,84
2815,30,85
2816,30,86
2817,30,87
2818,30,88
2819,30,89
2739,30,9
2820,30,90
2821,31,0
2822,31,1
2831,31,10
2832,31,11
2833,31,12
2834,31,13
2835,31,14
2836,31,15
2837,31,16
2838,31,17
2839,31,18
2840,31,19
2823,31,2
2841,31,20
2842,31,21
2843,31,22
2844,31,23
2845,31,24
2846,31,25
2847,31,26
2848,31,27
2849,31,28
2850,31,29
2824,31,3
2851,31,30
2852,31,31
2853,31,32
2854,31,33
2855,31,34
2856,31,35
2857,31,36
2858,31,37
2859,31,38
2860,31,39
2825,31,4
2861,31,40
2862,31,41
2863,31,42
2864,31,43
2865,31,44
2866,31,45
2867,31,46
2868,31,47
2869,31,48
2870,31,49
2826,31,5
2871,31,50
2872,31,51
2873,31,52
2874,31,53
2875,31,54
2876,31,55
2877,31,56
2878,31,57
2879,31,58
2880,31,59
2827,31,6
2881,31,60
2882,31,61
2883,31,62
2884,31,63
2885,31,64
2886,31,65
2887,31,66
2888,31,67
2889,31,68
2890,31,69
2828,31,7
2891,31,70
2892,31,71
2893,31,72
2894,31,73
2895,31,74
2896,31,75
2897,31,76
2898,31,77
2899,31,78
2900,31,79
2829,31,8
2901,31,80
2902,31,81
2903,31,82
2904,31,83
2905,31,84
2906,31,85
2907,31,86
2908,31,87
2909,31,88
2910,31,89
2830,31,9
2911,31,90
2912,32,0
2913,32,1
2922,32,10
2923,32,11
2924,32,12
2925,32,13
2926,32,14
2927,32,15
2928,32,16
2929,32,17
2930,32,18
2931,32,19
2914,32,2
2932,32,20
2933,32,21
2934,32,22
2935,32,23
2936,32,24
2937,32,25
2938,32,26
2939,32,27
2940,32,28
2941,32,29
2915,32,3
2942,32,30
2943,32,31
2944,32,32
2945,32,33
2946,32,34
2947,32,35
2948,32,36
2949,32,37
2950,32,38
2951,32,39
2916,32,4
2952,32,40
2953,32,41
2954,32,42
2955,32,43
2956,32,44
2957,32,45
2958,32,46
2959,32,47
2960,32,48
2961,32,49
2917,32,5
2962,32,50
2963,32,51
2964,32,52
2965,32,53
2966,32,54
2967,32,55
2968,32,56
2969,32,57
2970,32,58
2971,32,59
2918,32,6
2972,32,60
2973,32,61
2974,32,62
2975,32,63
2976,32,64
2977,32,65
2978,32,66
2979,32,67
2980,32,68
2981,32,69
2919,32,7
2982,32,70
2983,32,71
2984,32,72
2985,32,73
2986,32,74
2987,32,75
2988,32,76
2989,32,77
2990,32,78
2991,32,79
2920,32,8
2992,32,80
2993,32,81
2994,32,82
2995,32,83
2996,32,84
2997,32,85
2998,32,86
2999,32,87
3000,32,88
3001,32,89
2921,32,9
3002,32,90
3003,33,0
3004,33,1
3013,33,10
3014,33,11
3015,33,12
3016,33,13
3017,33,14
3018,33,15
3019,33,16
3020,33,17
3021,33,18
3022,33,19
3005,33,2
3023,33,20
3024,33,21
3025,33,22
3026,33,23
3027,33,24
3028,33,25
3029,33,26
3030,33,27
3031,33,28
3032,33,29
3006,33,3
3033,33,30
3034,33,31
3035,33,32
3036,33,33
3037,33,34
3038,33,35
3039,33,36
3040,33,37
3041,33,38
3042,33,39
3007,33,4
3043,33,40
3044,33,41
3045,33,42
3046,33,43
3047,33,44
3048,33,45
3049,33,46
3050,33,47
3051,33,48
3052,33,49
3008,33,5
3053,33,50
3054,33,51
3055,33,52
3056,33,53
3057,33,54
3058,33,55
3059,33,56
3060,33,57
3061,33,58
3062,33,59
3009,33,6
3063,33,60
3064,33,61
3065,33,62
3066,33,63
3067,33,64
3068,33,65
3069,33,66
3070,33,67
3071,33,68
3072,33,69
3010,33,7
3073,33,70
3074,33,71
3075,33,72
3076,33,73
3077,33,74
3078,33,75
3079,33,76
3080,33,77
3081,33,78
3082,33,79
3011,33,8
3083,33,80
3084,33,81
3085,33,82
3086,33,83
3087,33,84
3088,33,85
3089,33,86
3090,33,87
3091,33,88
3092,33,89
3012,33,9
3093,33,90
3094,34,0
3095,34,1
3104,34,10
3105,34,11
3106,34,12
3107,34,13
3108,34,14
3109,34,15
3110,34,16
3111,34,17
3112,34,18
3113,34,19
3096,34,2
3114,34,20
3115,34,21
3116,34,22
3117,34,23
3118,34,24
3119,34,25
3120,34,26
3121,34,27
3122,34,28
3123,34,29
3097,34,3
3124,34,30
3125,34,31
3126,34,32
3127,34,33
3128,34,34
3129,34,35
3130,34,36
3131,34,37
3132,34,38
3133,34,39
3098,34,4
3134,34,40
3135,34,41
3136,34,42
3137,34,43
3138,34,44
3139,34,45
3140,34,46
3141,34,47
3142,34,48
3143,34,49
3099,34,5
3144,34,50
3145,34,51
3146,34,52
3147,34,53
3148,34,54
3149,34,55
3150,34,56
3151,34,57
3152,34,58
3153,34,59
3100,34,6
3154,34,60
3155,34,61
3156,34,62
3157,34,63
3158,34,64
3159,34,65
3160,34,66
3161,34,67
3162,34,68
3163,34,69
3101,34,7
3164,34,70
3165,34,71
3166,34,72
3167,34,73
3168,34,74
3169,34,75
3170,34,76
3171,34,77
3172,34,78
3173,34,79
3102,34,8
3174,34,80
3175,34,81
3176,34,82
3177,34,83
3178,34,84
3179,34,85
3180,34,86
3181,34,87
3182,34,88
3183,34,89
3103,34,9
3184,34,90
3185,35,0
3186,35,1
3195,35,10
3196,35,11
3197,35,12
3198,35,13
3199,35,14
3200,35,15
3201,35,16
3202,35,17
3203,35,18
3204,35,19
3187,35,2
3205,35,20
3206,35,21
3207,35,22
3208,35,23
3209,35,24
3210,35,25
3211,35,26
3212,35,27
3213,35,28
3214,35,29
3188,35,3
3215,35,30
3216,35,31
3217,35,32
3218,35,33
3219,35,34
3220,35,35
3221,35,36
3222,35,37
3223,35,38
3224,35,39
3189,35,4
3225,35,40
3226,35,41
3227,35,42
3228,35,43
3229,35,44
3230,35,45
3231,35,46
3232,35,47
3233,35,48
3234,35,49
3190,35,5
3235,35,50
3236,35,51
3237,35,52
3238,35,53
3239,35,54
3240,35,55
3241,35,56
3242,35,57
3243,35,58
3244,35,59
3191,35,6
3245,35,60
3246,35,61
3247,35,62
3248,35,63
3249,35,64
3250,35,65
3251,35,66
3252,35,67
3253,35,68
3254,35,69
3192,35,7
3255,35,70
3256,35,71
3257,35,72
3258,35,73
3259,35,74
3260,35,75
3261,35,76
3262,35,77
3263,35,78
3264,35,79
3193,35,8
3265,35,80
3266,35,81
3267,35,82
3268,35,83
3269,35,84
3270,35,85
3271,35,86
3272,35,87
3273,35,88
3274,35,89
3194,35,9
3275,35,90
3276,36,0
3277,36,1
3286,36,10
3287,36,11
3288,36,12
3289,36,13
3290,36,14
3291,36,15
3292,36,16
3293,36,17
3294,36,18
3295,36,19
3278,36,2
3296,36,20
3297,36,21
3298,36,22
3299,36,23
3300,36,24
3301,36,25
3302,36,26
3303,36,27
3304,36,28
3305,36,29
3279,36,3
3306,36,30
3307,36,31
3308,36,32
3309,36,33
3310,36,34
3311,36,35
3312,36,36
3313,36,37
3314,36,38
3315,36,39
3280,36,4
3316,36,40
3317,36,41
3318,36,42
3319,36,43
3320,36,44
3321,36,45
3322,36,46
3323,36,47
3324,36,48
3325,36,49
3281,36,5
3326,36,50
3327,36,51
3328,36,52
3329,36,53
3330,36,54
3331,36,55
3332,36,56
3333,36,57
3334,36,58
3335,36,59
3282,36,6
3336,36,60
3337,36,61
3338,36,62
3339,36,63
3340,36,64
3341,36,65
3342,36,66
3343,36,67
3344,36,68
3345,36,69
3283,36,7
3346,36,70
3347,36,71
3348,36,72
3349,36,73
3350,36,74
3351,36,75
3352,36,76
3353,36,77
3354,36,78
3355,36,79
3284,36,8
3356,36,80
3357,36,81
3358,36,82
3359,36,83
3360,36,84
3361,36,85
3362,36,86
3363,36,87
3364,36,88
3365,36,89
3285,36,9
3366,36,90
3367,37,0
3368,37,1
3377,37,10
3378,37,11
3379,37,12
3380,37,13
3381,37,14
3382,37,15
3383,37,16
3384,37,17
3385,37,18
3386,37,19
3369,37,2
3387,37,20
3388,37,21
3389,37,22
3390,37,23
3391,37,24
3392,37,25
3393,37,26
3394,37,27
3395,37,28
3396,37,29
3370,37,3
3397,37,30
3398,37,31
3399,37,32
3400,37,33
3401,37,34
3402,37,35
3403,37,36
3404,37,37
3405,37,38
3406,37,39
3371,37,4
3407,37,40
3408,37,41
3409,37,42
3410,37,43
3411,37,44
3412,37,45
3413,37,46
3414,37,47
3415,37,48
3416,37,49
3372,37,5
3417,37,50
3418,37,51
3419,37,52
3420,37,53
3421,37,54
3422,37,55
3423,37,56
3424,37,57
3425,37,58
3426,37,59
3373,37,6
3427,37,60
3428,37,61
3429,37,62
3430,37,63
3431,37,64
3432,37,65
3433,37,66
3434,37,67
3435,37,68
3436,37,69
3374,37,7
3437,37,70
3438,37,71
3439,37,72
3440,37,73
3441,37,74
3442,37,75
3443,37,76
3444,37,77
3445,37,78
3446,37,79
3375,37,8
3447,37,80
3448,37,81
3449,37,82
3450,37,83
3451,37,84
3452,37,85
3453,37,86
3454,37,87
3455,37,88
3456,37,89
3376,37,9
3457,37,90
3458,38,0
3459,38,1
3468,38,10
3469,38,11
3470,38,12
3471,38,13
3472,38,14
3473,38,15
3474,38,16
3475,38,17
3476,38,18
3477,38,19
3460,38,2
3478,38,20
3479,38,21
3480,38,22
3481,38,23
3482,38,24
3483,38,25
3484,38,26
3485,38,27
3486,38,28
3487,38,29
3461,38,3
3488,38,30
3489,38,31
3490,38,32
3491,38,33
3492,38,34
3493,38,35
3494,38,36
3495,38,37
3496,38,38
3497,38,39
3462,38,4
3498,38,40
3499,38,41
3500,38,42
3501,38,43
3502,38,44
3503,38,45
3504,38,46
3505,38,47
3506,38,48
3507,38,49
3463,38,5
3508,38,50
3509,38,51
3510,38,52
3511,38,53
3512,38,54
3513,38,55
3514,38,56
3515,38,57
3516,38,58
3517,38,59
3464,38,6
3518,38,60
3519,38,61
3520,38,62
3521,38,63
3522,38,64
3523,38,65
3524,38,66
3525,38,67
3526,38,68
3527,38,69
3465,38,7
3528,38,70
3529,38,71
3530,38,72
3531,38,73
3532,38,74
3533,38,75
3534,38,76
3535,38,77
3536,38,78
3537,38,79
3466,38,8
3538,38,80
3539,38,81
3540,38,82
3541,38,83
3542,38,84
3543,38,85
3544,38,86
3545,38,87
3546,38,88
3547,38,89
3467,38,9
3548,38,90
3549,39,0
3550,39,1
3559,39,10
3560,39,11
3561,39,12
3562,39,13
3563,39,14
3564,39,15
3565,39,16
3566,39,17
3567,39,18
3568,39,19
3551,39,2
3569,39,20
3570,39,21
3571,39,22
3572,39,23
3573,39,24
3574,39,25
3575,39,26
3576,39,27
3577,39,28
3578,39,29
3552,39,3
3579,39,30
3580,39,31
3581,39,32
3582,39,33
3583,39,34
3584,39,35
3585,39,36
3586,39,37
3587,39,38
3588,39,39
3553,39,4
3589,39,40
3590,39,41
3591,39,42
3592,39,43
3593,39,44
3594,39,45
3595,39,46
3596,39,47
3597,39,48
3598,39,49
3554,39,5
3599,39,50
3600,39,51
3601,39,52
3602,39,53
3603,39,54
3604,39,55
3605,39,56
3606,39,57
3607,39,58
3608,39,59
3555,39,6
3609,39,60
3610,39,61
3611,39,62
3612,39,63
3613,39,64
3614,39,65
3615,39,66
3616,39,67
3617,39,68
3618,39,69
3556,39,7
3619,39,70
3620,39,71
3621,39,72
3622,39,73
3623,39,74
3624,39,75
3625,39,76
3626,39,77
3627,39,78
3628,39,79
3557,39,8
3629,39,80
3630,39,81
3631,39,82
3632,39,83
3633,39,84
3634,39,85
3635,39,86
3636,39,87
3637,39,88
3638,39,89
3558,39,9
3639,39,90
364,4,0
365,4,1
374,4,10
375,4,11
376,4,12
377,4,13
378,4,14
379,4,15
380,4,16
381,4,17
382,4,18
383,4,19
366,4,2
384,4,20
385,4,21
386,4,22
387,4,23
388,4,24
389,4,25
390,4,26
391,4,27
392,4,28
393,4,29
367,4,3
394,4,30
395,4,31
396,4,32
397,4,33
398,4,34
399,4,35
400,4,36
401,4,37
402,4,38
403,4,39
368,4,4
404,4,40
405,4,41
406,4,42
407,4,43
408,4,44
409,4,45
410,4,46
411,4,47
412,4,48
413,4,49
369,4,5
414,4,50
415,4,51
416,4,52
417,4,53
418,4,54
419,4,55
420,4,56
421,4,57
422,4,58
423,4,59
370,4,6
424,4,60
425,4,61
426,4,62
427,4,63
428,4,64
429,4,65
430,4,66
431,4,67
432,4,68
433,4,69
371,4,7
434,4,70
435,4,71
436,4,72
437,4,73
438,4,74
439,4,75
440,4,76
441,4,77
442,4,78
443,4,79
372,4,8
444,4,80
445,4,81
446,4,82
447,4,83
448,4,84
449,4,85
450,4,86
451,4,87
452,4,88
453,4,89
373,4,9
454,4,90
3640,40,0
3641,40,1
3650,40,10
3651,40,11
3652,40,12
3653,40,13
3654,40,14
3655,40,15
3656,40,16
3657,40,17
3658,40,18
3659,40,19
3642,40,2
3660,40,20
3661,40,21
3662,40,22
3663,40,23
3664,40,24
3665,40,25
3666,40,26
3667,40,27
3668,40,28
3669,40,29
3643,40,3
3670,40,30
3671,40,31
3672,40,32
3673,40,33
3674,40,34
3675,40,35
3676,40,36
3677,40,37
3678,40,38
3679,40,39
3644,40,4
3680,40,40
3681,40,41
3682,40,42
3683,40,43
3684,40,44
3685,40,45
3686,40,46
3687,40,47
3688,40,48
3689,40,49
3645,40,5
3690,40,50
3691,40,51
3692,40,52
3693,40,53
3694,40,54
3695,40,55
3696,40,56
3697,40,57
3698,40,58
3699,40,59
3646,40,6
3700,40,60
3701,40,61
3702,40,62
3703,40,63
3704,40,64
3705,40,65
3706,40,66
3707,40,67
3708,40,68
3709,40,69
3647,40,7
3710,40,70
3711,40,71
3712,40,72
3713,40,73
3714,40,74
3715,40,75
3716,40,76
3717,40,77
3718,40,78
3719,40,79
3648,40,8
3720,40,80
3721,40,81
3722,40,82
3723,40,83
3724,40,84
3725,40,85
3726,40,86
3727,40,87
3728,40,88
3729,40,89
3649,40,9
3730,40,90
3731,41,0
3732,41,1
3741,41,10
3742,41,11
3743,41,12
3744,41,13
3745,41,14
3746,41,15
3747,41,16
3748,41,17
3749,41,18
3750,41,19
3733,41,2
3751,41,20
3752,41,21
3753,41,22
3754,41,23
3755,41,24
3756,41,25
3757,41,26
3758,41,27
3759,41,28
3760,41,29
3734,41,3
3761,41,30
3762,41,31
3763,41,32
3764,41,33
3765,41,34
3766,41,35
3767,41,36
3768,41,37
3769,41,38
3770,41,39
3735,41,4
3771,41,40
3772,41,41
3773,41,42
3774,41,43
3775,41,44
3776,41,45
3777,41,46
3778,41,47
3779,41,48
3780,41,49
3736,41,5
3781,41,50
3782,41,51
3783,41,52
3784,41,53
3785,41,54
3786,41,55
3787,41,56
3788,41,57
3789,41,58
3790,41,59
3737,41,6
3791,41,60
3792,41,61
3793,41,62
3794,41,63
3795,41,64
3796,41,65
3797,41,66
3798,41,67
3799,41,68
3800,41,69
3738,41,7
3801,41,70
3802,41,71
3803,41,72
3804,41,73
3805,41,74
3806,41,75
3807,41,76
3808,41,77
3809,41,78
3810,41,79
3739,41,8
3811,41,80
3812,41,81
3813,41,82
3814,41,83
3815,41,84
3816,41,85
3817,41,86
3818,41,87
3819,41,88
3820,41,89
3740,41,9
3821,41,90
3822,42,0
3823,42,1
3832,42,10
3833,42,11
3834,42,12
3835,42,13
3836,42,14
3837,42,15
3838,42,16
3839,42,17
3840,42,18
3841,42,19
3824,42,2
3842,42,20
3843,42,21
3844,42,22
3845,42,23
3846,42,24
3847,42,25
3848,42,26
3849,42,27
3850,42,28
3851,42,29
3825,42,3
3852,42,30
3853,42,31
3854,42,32
3855,42,33
3856,42,34
3857,42,35
3858,42,36
3859,42,37
3860,42,38
3861,42,39
3826,42,4
3862,42,40
3863,42,41
3864,42,42
3865,42,43
3866,42,44
3867,42,45
3868,42,46
3869,42,47
3870,42,48
3871,42,49
3827,42,5
3872,42,50
3873,42,51
3874,42,52
3875,42,53
3876,42,54
3877,42,55
3878,42,56
3879,42,57
3880,42,58
3881,42,59
3828,42,6
3882,42,60
3883,42,61
3884,42,62
3885,42,63
3886,42,64
3887,42,65
3888,42,66
3889,42,67
3890,42,68
3891,42,69
3829,42,7
3892,42,70
3893,42,71
3894,42,72
3895,42,73
3896,42,74
3897,42,75
3898,42,76
3899,42,77
3900,42,78
3901,42,79
3830,42,8
3902,42,80
3903,42,81
3904,42,82
3905,42,83
3906,42,84
3907,42,85
3908,42,86
3909,42,87
3910,42,88
3911,42,89
3831,42,9
3912,42,90
3913,43,0
3914,43,1
3923,43,10
3924,43,11
3925,43,12
3926,43,13
3927,43,14
3928,43,15
3929,43,16
3930,43,17
3931,43,18
3932,43,19
3915,43,2
3933,43,20
3934,43,21
3935,43,22
3936,43,23
3937,43,24
3938,43,25
3939,43,26
3940,43,27
3941,43,28
3942,43,29
3916,43,3
3943,43,30
3944,43,31
3945,43,32
3946,43,33
3947,43,34
3948,43,35
3949,43,36
3950,43,37
3951,43,38
3952,43,39
3917,43,4
3953,43,40
3954,43,41
3955,43,42
3956,43,43
3957,43,44
3958,43,45
3959,43,46
3960,43,47
3961,43,48
3962,43,49
3918,43,5
3963,43,50
3964,43,51
3965,43,52
3966,43,53
3967,43,54
3968,43,55
3969,43,56
3970,43,57
3971,43,58
3972,43,59
3919,43,6
3973,43,60
3974,43,61
3975,43,62
3976,43,63
3977,43,64
3978,43,65
3979,43,66
3980,43,67
3981,43,68
3982,43,69
3920,43,7
3983,43,70
3984,43,71
3985,43,72
3986,43,73
3987,43,74
3988,43,75
3989,43,76
3990,43,77
3991,43,78
3992,43,79
3921,43,8
3993,43,80
3994,43,81
3995,43,82
3996,43,83
3997,43,84
3998,43,85
3999,43,86
4000,43,87
4001,43,88
4002,43,89
3922,43,9
4003,43,90
4004,44,0
4005,44,1
4014,44,10
4015,44,11
4016,44,12
4017,44,13
4018,44,14
4019,44,15
4020,44,16
4021,44,17
4022,44,18
4023,44,19
4006,44,2
4024,44,20
4025,44,21
4026,44,22
4027,44,23
4028,44,24
4029,44,25
4030,44,26
4031,44,27
4032,44,28
4033,44,29
4007,44,3
4034,44,30
4035,44,31
4036,44,32
4037,44,33
4038,44,34
4039,44,35
4040,44,36
4041,44,37
4042,44,38
4043,44,39
4008,44,4
4044,44,40
4045,44,41
4046,44,42
4047,44,43
4048,44,44
4049,44,45
4050,44,46
4051,44,47
4052,44,48
4053,44,49
4009,44,5
4054,44,50
4055,44,51
4056,44,52
4057,44,53
4058,44,54
4059,44,55
4060,44,56
4061,44,57
4062,44,58
4063,44,59
4010,44,6
4064,44,60
4065,44,61
4066,44,62
4067,44,63
4068,44,64
4069,44,65
4070,44,66
4071,44,67
4072,44,68
4073,44,69
4011,44,7
4074,44,70
4075,44,71
4076,44,72
4077,44,73
4078,44,74
4079,44,75
4080,44,76
4081,44,77
4082,44,78
4083,44,79
4012,44,8
4084,44,80
4085,44,81
4086,44,82
4087,44,83
4088,44,84
4089,44,85
4090,44,86
4091,44,87
4092,44,88
4093,44,89
4013,44,9
4094,44,90
4095,45,0
4096,45,1
4105,45,10
4106,45,11
4107,45,12
4108,45,13
4109,45,14
4110,45,15
4111,45,16
4112,45,17
4113,45,18
4114,45,19
4097,45,2
4115,45,20
4116,45,21
4117,45,22
4118,45,23
4119,45,24
4120,45,25
4121,45,26
4122,45,27
4123,45,28
4124,45,29
4098,45,3
4125,45,30
4126,45,31
4127,45,32
4128,45,33
4129,45,34
4130,45,35
4131,45,36
4132,45,37
4133,45,38
4134,45,39
4099,45,4
4135,45,40
4136,45,41
4137,45,42
4138,45,43
4139,45,44
4140,45,45
4141,45,46
4142,45,47
4143,45,48
4144,45,49
4100,45,5
4145,45,50
4146,45,51
4147,45,52
4148,45,53
4149,45,54
4150,45,55
4151,45,56
4152,45,57
4153,45,58
4154,45,59
4101,45,6
4155,45,60
4156,45,61
4157,45,62
4158,45,63
4159,45,64
4160,45,65
4161,45,66
4162,45,67
4163,45,68
4164,45,69
4102,45,7
4165,45,70
4166,45,71
4167,45,72
4168,45,73
4169,45,74
4170,45,75
4171,45,76
4172,45,77
4173,45,78
4174,45,79
4103,45,8
4175,45,80
4176,45,81
4177,45,82
4178,45,83
4179,45,84
4180,45,85
4181,45,86
4182,45,87
4183,45,88
4184,45,89
4104,45,9
4185,45,90
4186,46,0
4187,46,1
4196,46,10
4197,46,11
4198,46,12
4199,46,13
4200,46,14
4201,46,15
4202,46,16
4203,46,17
4204,46,18
4205,46,19
4188,46,2
4206,46,20
4207,46,21
4208,46,22
4209,46,23
4210,46,24
4211,46,25
4212,46,26
4213,46,27
4214,46,28
4215,46,29
4189,46,3
4216,46,30
4217,46,31
4218,46,32
4219,46,33
4220,46,34
4221,46,35
4222,46,36
4223,46,37
4224,46,38
4225,46,39
4190,46,4
4226,46,40
4227,46,41
4228,46,42
4229,46,43
4230,46,44
4231,46,45
4232,46,46
4233,46,47
4234,46,48
4235,46,49
4191,46,5
4236,46,50
4237,46,51
4238,46,52
4239,46,53
4240,46,54
4241,46,55
4242,46,56
4243,46,57
4244,46,58
4245,46,59
4192,46,6
4246,46,60
4247,46,61
4248,46,62
4249,46,63
4250,46,64
4251,46,65
4252,46,66
4253,46,67
4254,46,68
4255,46,69
4193,46,7
4256,46,70
4257,46,71
4258,46,72
4259,46,73
4260,46,74
4261,46,75
4262,46,76
4263,46,77
4264,46,78
4265,46,79
4194,46,8
4266,46,80
4267,46,81
4268,46,82
4269,46,83
4270,46,84
4271,46,85
4272,46,86
4273,46,87
4274,46,88
4275,46,89
4195,46,9
4276,46,90
455,5,0
456,5,1
465,5,10
466,5,11
467,5,12
468,5,13
469,5,14
470,5,15
471,5,16
472,5,17
473,5,18
474,5,19
457,5,2
475,5,20
476,5,21
477,5,22
478,5,23
479,5,24
480,5,25
481,5,26
482,5,27
483,5,28
484,5,29
458,5,3
485,5,30
486,5,31
487,5,32
488,5,33
489,5,34
490,5,35
491,5,36
492,5,37
493,5,38
494,5,39
459,5,4
495,5,40
496,5,41
497,5,42
498,5,43
499,5,44
500,5,45
501,5,46
502,5,47
503,5,48
504,5,49
460,5,5
505,5,50
506,5,51
507,5,52
508,5,53
509,5,54
510,5,55
511,5,56
512,5,57
513,5,58
514,5,59
461,5,6
515,5,60
516,5,61
517,5,62
518,5,63
519,5,64
520,5,65
521,5,66
522,5,67
523,5,68
524,5,69
462,5,7
525,5,70
526,5,71
527,5,72
528,5,73
529,5,74
530,5,75
531,5,76
532,5,77
533,5,78
534,5,79
463,5,8
535,5,80
536,5,81
537,5,82
538,5,83
539,5,84
540,5,85
541,5,86
542,5,87
543,5,88
544,5,89
464,5,9
545,5,90
546,6,0
547,6,1
556,6,10
557,6,11
558,6,12
559,6,13
560,6,14
561,6,15
562,6,16
563,6,17
564,6,18
565,6,19
548,6,2
566,6,20
567,6,21
568,6,22
569,6,23
570,6,24
571,6,25
572,6,26
573,6,27
574,6,28
575,6,29
549,6,3
576,6,30
577,6,31
578,6,32
579,6,33
580,6,34
581,6,35
582,6,36
583,6,37
584,6,38
585,6,39
550,6,4
586,6,40
587,6,41
588,6,42
589,6,43
590,6,44
591,6,45
592,6,46
593,6,47
594,6,48
595,6,49
551,6,5
596,6,50
597,6,51
598,6,52
599,6,53
600,6,54
601,6,55
602,6,56
603,6,57
604,6,58
605,6,59
552,6,6
606,6,60
607,6,61
608,6,62
609,6,63
610,6,64
611,6,65
612,6,66
613,6,67
614,6,68
615,6,69
553,6,7
616,6,70
617,6,71
618,6,72
619,6,73
620,6,74
621,6,75
622,6,76
623,6,77
624,6,78
625,6,79
554,6,8
626,6,80
627,6,81
628,6,82
629,6,83
630,6,84
631,6,85
632,6,86
633,6,87
634,6,88
635,6,89
555,6,9
636,6,90
637,7,0
638,7,1
647,7,10
648,7,11
649,7,12
650,7,13
651,7,14
652,7,15
653,7,16
654,7,17
655,7,18
656,7,19
639,7,2
657,7,20
658,7,21
659,7,22
660,7,23
661,7,24
662,7,25
663,7,26
664,7,27
665,7,28
666,7,29
640,7,3
667,7,30
668,7,31
669,7,32
670,7,33
671,7,34
672,7,35
673,7,36
674,7,37
675,7,38
676,7,39
641,7,4
677,7,40
678,7,41
679,7,42
680,7,43
681,7,44
682,7,45
683,7,46
684,7,47
685,7,48
686,7,49
642,7,5
687,7,50
688,7,51
689,7,52
690,7,53
691,7,54
692,7,55
693,7,56
694,7,57
695,7,58
696,7,59
643,7,6
697,7,60
698,7,61
699,7,62
700,7,63
701,7,64
702,7,65
703,7,66
704,7,67
705,7,68
706,7,69
644,7,7
707,7,70
708,7,71
709,7,72
710,7,73
711,7,74
712,7,75
713,7,76
714,7,77
715,7,78
716,7,79
645,7,8
717,7,80
718,7,81
719,7,82
720,7,83
721,7,84
722,7,85
723,7,86
724,7,87
725,7,88
726,7,89
646,7,9
727,7,90
728,8,0
729,8,1
738,8,10
739,8,11
740,8,12
741,8,13
742,8,14
743,8,15
744,8,16
745,8,17
746,8,18
747,8,19
730,8,2
748,8,20
749,8,21
750,8,22
751,8,23
752,8,24
753,8,25
754,8,26
755,8,27
756,8,28
757,8,29
731,8,3
758,8,30
759,8,31
760,8,32
761,8,33
762,8,34
763,8,35
764,8,36
765,8,37
766,8,38
767,8,39
732,8,4
768,8,40
769,8,41
770,8,42
771,8,43
772,8,44
773,8,45
774,8,46
775,8,47
776,8,48
777,8,49
733,8,5
778,8,50
779,8,51
780,8,52
781,8,53
782,8,54
783,8,55
784,8,56
785,8,57
786,8,58
787,8,59
734,8,6
788,8,60
789,8,61
790,8,62
791,8,63
792,8,64
793,8,65
794,8,66
795,8,67
796,8,68
797,8,69
735,8,7
798,8,70
799,8,71
800,8,72
801,8,73
802,8,74
803,8,75
804,8,76
805,8,77
806,8,78
807,8,79
736,8,8
808,8,80
809,8,81
810,8,82
811,8,83
812,8,84
813,8,85
814,8,86
815,8,87
816,8,88
817,8,89
737,8,9
818,8,90
819,9,0
820,9,1
829,9,10
830,9,11
831,9,12
832,9,13
833,9,14
834,9,15
835,9,16
836,9,17
837,9,18
838,9,19
821,9,2
839,9,20
840,9,21
841,9,22
842,9,23
843,9,24
844,9,25
845,9,26
846,9,27
847,9,28
848,9,29
822,9,3
849,9,30
850,9,31
851,9,32
852,9,33
853,9,34
854,9,35
855,9,36
856,9,37
857,9,38
858,9,39
823,9,4
859,9,40
860,9,41
861,9,42
862,9,43
863,9,44
864,9,45
865,9,46
866,9,47
867,9,48
868,9,49
824,9,5
869,9,50
870,9,51
871,9,52
872,9,53
873,9,54
874,9,55
875,9,56
876,9,57
877,9,58
878,9,59
825,9,6
879,9,60
880,9,61
881,9,62
882,9,63
883,9,64
884,9,65
885,9,66
886,9,67
887,9,68
888,9,69
826,9,7
889,9,70
890,9,71
891,9,72
892,9,73
893,9,74
894,9,75
895,9,76
896,9,77
897,9,78
898,9,79
827,9,8
899,9,80
900,9,81
901,9,82
902,9,83
903,9,84
904,9,85
905,9,86
906,9,87
907,9,88
908,9,89
828,9,9
909,9,90
