0,0,0
1,0,1
10,0,10
11,0,11
12,0,12
13,0,13
14,0,14
15,0,15
16,0,16
17,0,17
18,0,18
19,0,19
2,0,2
20,0,20
21,0,21
22,0,22
23,0,23
24,0,24
25,0,25
26,0,26
27,0,27
28,0,28
29,0,29
3,0,3
30,0,30
31,0,31
32,0,32
33,0,33
34,0,34
35,0,35
36,0,36
37,0,37
38,0,38
39,0,39
4,0,4
40,0,40
41,0,41
42,0,42
43,0,43
44,0,44
45,0,45
46,0,46
47,0,47
48,0,48
49,0,49
5,0,5
50,0,50
51,0,51
52,0,52
53,0,53
54,0,54
55,0,55
56,0,56
57,0,57
58,0,58
59,0,59
6,0,6
60,0,60
61,0,61
62,0,62
63,0,63
64,0,64
65,0,65
66,0,66
67,0,67
68,0,68
69,0,69
7,0,7
8,0,8
9,0,9
70,1,0
71,1,1
80,1,10
81,1,11
82,1,12
83,1,13
84,1,14
85,1,15
86,1,16
87,1,17
88,1,18
89,1,19
72,1,2
90,1,20
91,1,21
92,1,22
93,1,23
94,1,24
95,1,25
96,1,26
97,1,27
98,1,28
99,1,29
73,1,3
100,1,30
101,1,31
102,1,32
103,1,33
104,1,34
105,1,35
106,1,36
107,1,37
108,1,38
109,1,39
74,1,4
110,1,40
111,1,41
112,1,42
113,1,43
114,1,44
115,1,45
116,1,46
117,1,47
118,1,48
119,1,49
75,1,5
120,1,50
121,1,51
122,1,52
123,1,53
124,1,54
125,1,55
126,1,56
127,1,57
128,1,58
129,1,59
76,1,6
130,1,60
131,1,61
132,1,62
133,1,63
134,1,64
135,1,65
136,1,66
137,1,67
138,1,68
139,1,69
77,1,7
78,1,8
79,1,9
700,10,0
701,10,1
710,10,10
711,10,11
712,10,12
713,10,13
714,10,14
715,10,15
716,10,16
717,10,17
718,10,18
719,10,19
702,10,2
720,10,20
721,10,21
722,10,22
723,10,23
724,10,24
725,10,25
726,10,26
727,10,27
728,10,28
729,10,29
703,10,3
730,10,30
731,10,31
732,10,32
733,10,33
734,10,34
735,10,35
736,10,36
737,10,37
738,10,38
739,10,39
704,10,4
740,10,40
741,10,41
742,10,42
743,10,43
744,10,44
745,10,45
746,10,46
747,10,47
748,10,48
749,10,49
705,10,5
750,10,50
751,10,51
752,10,52
753,10,53
754,10,54
755,10,55
756,10,56
757,10,57
758,10,58
759,10,59
706,10,6
760,10,60
761,10,61
762,10,62
763,10,63
764,10,64
765,10,65
766,10,66
767,10,67
768,10,68
769,10,69
707,10,7
708,10,8
709,10,9
7000,100,0
7001,100,1
7010,100,10
7011,100,11
7012,100,12
7013,100,13
7014,100,14
7015,100,15
7016,100,16
7017,100,17
7018,100,18
7019,100,19
7002,100,2
7020,100,20
7021,100,21
7022,100,22
7023,100,23
7024,100,24
7025,100,25
7026,100,26
7027,100,27
7028,100,28
7029,100,29
7003,100,3
7030,100,30
7031,100,31
7032,100,32
7033,100,33
7034,100,34
7035,100,35
7036,100,36
7037,100,37
7038,100,38
7039,100,39
7004,100,4
7040,100,40
7041,100,41
7042,100,42
7043,100,43
7044,100,44
7045,100,45
7046,100,46
7047,100,47
7048,100,48
7049,100,49
7005,100,5
7050,100,50
7051,100,51
7052,100,52
7053,100,53
7054,100,54
7055,100,55
7056,100,56
7057,100,57
7058,100,58
7059,100,59
7006,100,6
7060,100,60
7061,100,61
7062,100,62
7063,100,63
7064,100,64
7065,100,65
7066,100,66
7067,100,67
7068,100,68
7069,100,69
7007,100,7
7008,100,8
7009,100,9
7070,101,0
7071,101,1
7080,101,10
7081,101,11
7082,101,12
7083,101,13
7084,101,14
7085,101,15
7086,101,16
7087,101,17
7088,101,18
7089,101,19
7072,101,2
7090,101,20
7091,101,21
7092,101,22
7093,101,23
7094,101,24
7095,101,25
7096,101,26
7097,101,27
7098,101,28
7099,101,29
7073,101,3
7100,101,30
7101,101,31
7102,101,32
7103,101,33
7104,101,34
7105,101,35
7106,101,36
7107,101,37
7108,101,38
7109,101,39
7074,101,4
7110,101,40
7111,101,41
7112,101,42
7113,101,43
7114,101,44
7115,101,45
7116,101,46
7117,101,47
7118,101,48
7119,101,49
7075,101,5
7120,101,50
7121,101,51
7122,101,52
7123,101,53
7124,101,54
7125,101,55
7126,101,56
7127,101,57
7128,101,58
7129,101,59
7076,101,6
7130,101,60
7131,101,61
7132,101,62
7133,101,63
7134,101,64
7135,101,65
7136,101,66
7137,101,67
7138,101,68
7139,101,69
7077,101,7
7078,101,8
7079,101,9
7140,102,0
7141,102,1
7150,102,10
7151,102,11
7152,102,12
7153,102,13
7154,102,14
7155,102,15
7156,102,16
7157,102,17
7158,102,18
7159,102,19
7142,102,2
7160,102,20
7161,102,21
7162,102,22
7163,102,23
7164,102,24
7165,102,25
7166,102,26
7167,102,27
7168,102,28
7169,102,29
7143,102,3
7170,102,30
7171,102,31
7172,102,32
7173,102,33
7174,102,34
7175,102,35
7176,102,36
7177,102,37
7178,102,38
7179,102,39
7144,102,4
7180,102,40
7181,102,41
7182,102,42
7183,102,43
7184,102,44
7185,102,45
7186,102,46
7187,102,47
7188,102,48
7189,102,49
7145,102,5
7190,102,50
7191,102,51
7192,102,52
7193,102,53
7194,102,54
7195,102,55
7196,102,56
7197,102,57
7198,102,58
7199,102,59
7146,102,6
7200,102,60
7201,102,61
7202,102,62
7203,102,63
7204,102,64
7205,102,65
7206,102,66
7207,102,67
7208,102,68
7209,102,69
7147,102,7
7148,102,8
7149,102,9
7210,103,0
7211,103,1
7220,103,10
7221,103,11
7222,103,12
7223,103,13
7224,103,14
7225,103,15
7226,103,16
7227,103,17
7228,103,18
7229,103,19
7212,103,2
7230,103,20
7231,103,21
7232,103,22
7233,103,23
7234,103,24
7235,103,25
7236,103,26
7237,103,27
7238,103,28
7239,103,29
7213,103,3
7240,103,30
7241,103,31
7242,103,32
7243,103,33
7244,103,34
7245,103,35
7246,103,36
7247,103,37
7248,103,38
7249,103,39
7214,103,4
7250,103,40
7251,103,41
7252,103,42
7253,103,43
7254,103,44
7255,103,45
7256,103,46
7257,103,47
7258,103,48
7259,103,49
7215,103,5
7260,103,50
7261,103,51
7262,103,52
7263,103,53
7264,103,54
7265,103,55
7266,103,56
7267,103,57
7268,103,58
7269,103,59
7216,103,6
7270,103,60
7271,103,61
7272,103,62
7273,103,63
7274,103,64
7275,103,65
7276,103,66
7277,103,67
7278,103,68
7279,103,69
7217,103,7
7218,103,8
7219,103,9
7280,104,0
7281,104,1
7290,104,10
7291,104,11
7292,104,12
7293,104,13
7294,104,14
7295,104,15
7296,104,16
7297,104,17
7298,104,18
7299,104,19
7282,104,2
7300,104,20
7301,104,21
7302,104,22
7303,104,23
7304,104,24
7305,104,25
7306,104,26
7307,104,27
7308,104,28
7309,104,29
7283,104,3
7310,104,30
7311,104,31
7312,104,32
7313,104,33
7314,104,34
7315,104,35
7316,104,36
7317,104,37
7318,104,38
7319,104,39
7284,104,4
7320,104,40
7321,104,41
7322,104,42
7323,104,43
7324,104,44
7325,104,45
7326,104,46
7327,104,47
7328,104,48
7329,104,49
7285,104,5
7330,104,50
7331,104,51
7332,104,52
7333,104,53
7334,104,54
7335,104,55
7336,104,56
7337,104,57
7338,104,58
7339,104,59
7286,104,6
7340,104,60
7341,104,61
7342,104,62
7343,104,63
7344,104,64
7345,104,65
7346,104,66
7347,104,67
7348,104,68
7349,104,69
7287,104,7
7288,104,8
7289,104,9
7350,105,0
7351,105,1
7360,105,10
7361,105,11
7362,105,12
7363,105,13
7364,105,14
7365,105,15
7366,105,16
7367,105,17
7368,105,18
7369,105,19
7352,105,2
7370,105,20
7371,105,21
7372,105,22
7373,105,23
7374,105,24
7375,105,25
7376,105,26
7377,105,27
7378,105,28
7379,105,29
7353,105,3
7380,105,30
7381,105,31
7382,105,32
7383,105,33
7384,105,34
7385,105,35
7386,105,36
7387,105,37
7388,105,38
7389,105,39
7354,105,4
7390,105,40
7391,105,41
7392,105,42
7393,105,43
7394,105,44
7395,105,45
7396,105,46
7397,105,47
7398,105,48
7399,105,49
7355,105,5
7400,105,50
7401,105,51
7402,105,52
7403,105,53
7404,105,54
7405,105,55
7406,105,56
7407,105,57
7408,105,58
7409,105,59
7356,105,6
7410,105,60
7411,105,61
7412,105,62
7413,105,63
7414,105,64
7415,105,65
7416,105,66
7417,105,67
7418,105,68
7419,105,69
7357,105,7
7358,105,8
7359,105,9
7420,106,0
7421,106,1
7430,106,10
7431,106,11
7432,106,12
7433,106,13
7434,106,14
7435,106,15
7436,106,16
7437,106,17
7438,106,18
7439,106,19
7422,106,2
7440,106,20
7441,106,21
7442,106,22
7443,106,23
7444,106,24
7445,106,25
7446,106,26
7447,106,27
7448,106,28
7449,106,29
7423,106,3
7450,106,30
7451,106,31
7452,106,32
7453,106,33
7454,106,34
7455,106,35
7456,106,36
7457,106,37
7458,106,38
7459,106,39
7424,106,4
7460,106,40
7461,106,41
7462,106,42
7463,106,43
7464,106,44
7465,106,45
7466,106,46
7467,106,47
7468,106,48
7469,106,49
7425,106,5
7470,106,50
7471,106,51
7472,106,52
7473,106,53
7474,106,54
7475,106,55
7476,106,56
7477,106,57
7478,106,58
7479,106,59
7426,106,6
7480,106,60
7481,106,61
7482,106,62
7483,106,63
7484,106,64
7485,106,65
7486,106,66
7487,106,67
7488,106,68
7489,106,69
7427,106,7
7428,106,8
7429,106,9
7490,107,0
7491,107,1
7500,107,10
7501,107,11
7502,107,12
7503,107,13
7504,107,14
7505,107,15
7506,107,16
7507,107,17
7508,107,18
7509,107,19
7492,107,2
7510,107,20
7511,107,21
7512,107,22
7513,107,23
7514,107,24
7515,107,25
7516,107,26
7517,107,27
7518,107,28
7519,107,29
7493,107,3
7520,107,30
7521,107,31
7522,107,32
7523,107,33
7524,107,34
7525,107,35
7526,107,36
7527,107,37
7528,107,38
7529,107,39
7494,107,4
7530,107,40
7531,107,41
7532,107,42
7533,107,43
7534,107,44
7535,107,45
7536,107,46
7537,107,47
7538,107,48
7539,107,49
7495,107,5
7540,107,50
7541,107,51
7542,107,52
7543,107,53
7544,107,54
7545,107,55
7546,107,56
7547,107,57
7548,107,58
7549,107,59
7496,107,6
7550,107,60
7551,107,61
7552,107,62
7553,107,63
7554,107,64
7555,107,65
7556,107,66
7557,107,67
7558,107,68
7559,107,69
7497,107,7
7498,107,8
7499,107,9
7560,108,0
7561,108,1
7570,108,10
7571,108,11
7572,108,12
7573,108,13
7574,108,14
7575,108,15
7576,108,16
7577,108,17
7578,108,18
7579,108,19
7562,108,2
7580,108,20
7581,108,21
7582,108,22
7583,108,23
7584,108,24
7585,108,25
7586,108,26
7587,108,27
7588,108,28
7589,108,29
7563,108,3
7590,108,30
7591,108,31
7592,108,32
7593,108,33
7594,108,34
7595,108,35
7596,108,36
7597,108,37
7598,108,38
7599,108,39
7564,108,4
7600,108,40
7601,108,41
7602,108,42
7603,108,43
7604,108,44
7605,108,45
7606,108,46
7607,108,47
7608,108,48
7609,108,49
7565,108,5
7610,108,50
7611,108,51
7612,108,52
7613,108,53
7614,108,54
7615,108,55
7616,108,56
7617,108,57
7618,108,58
7619,108,59
7566,108,6
7620,108,60
7621,108,61
7622,108,62
7623,108,63
7624,108,64
7625,108,65
7626,108,66
7627,108,67
7628,108,68
7629,108,69
7567,108,7
7568,108,8
7569,108,9
7630,109,0
7631,109,1
7640,109,10
7641,109,11
7642,109,12
7643,109,13
7644,109,14
7645,109,15
7646,109,16
7647,109,17
7648,109,18
7649,109,19
7632,109,2
7650,109,20
7651,109,21
7652,109,22
7653,109,23
7654,109,24
7655,109,25
7656,109,26
7657,109,27
7658,109,28
7659,109,29
7633,109,3
7660,109,30
7661,109,31
7662,109,32
7663,109,33
7664,109,34
7665,109,35
7666,109,36
7667,109,37
7668,109,38
7669,109,39
7634,109,4
7670,109,40
7671,109,41
7672,109,42
7673,109,43
7674,109,44
7675,109,45
7676,109,46
7677,109,47
7678,109,48
7679,109,49
7635,109,5
7680,109,50
7681,109,51
7682,109,52
7683,109,53
7684,109,54
7685,109,55
7686,109,56
7687,109,57
7688,109,58
7689,109,59
7636,109,6
7690,109,60
7691,109,61
7692,109,62
7693,109,63
7694,109,64
7695,109,65
7696,109,66
7697,109,67
7698,109,68
7699,109,69
7637,109,7
7638,109,8
7639,109,9
770,11,0
771,11,1
780,11,10
781,11,11
782,11,12
783,11,13
784,11,14
785,11,15
786,11,16
787,11,17
788,11,18
789,11,19
772,11,2
790,11,20
791,11,21
792,11,22
793,11,23
794,11,24
795,11,25
796,11,26
797,11,27
798,11,28
799,11,29
773,11,3
800,11,30
801,11,31
802,11,32
803,11,33
804,11,34
805,11,35
806,11,36
807,11,37
808,11,38
809,11,39
774,11,4
810,11,40
811,11,41
812,11,42
813,11,43
814,11,44
815,11,45
816,11,46
817,11,47
818,11,48
819,11,49
775,11,5
820,11,50
821,11,51
822,11,52
823,11,53
824,11,54
825,11,55
826,11,56
827,11,57
828,11,58
829,11,59
776,11,6
830,11,60
831,11,61
832,11,62
833,11,63
834,11,64
835,11,65
836,11,66
837,11,67
838,11,68
839,11,69
777,11,7
778,11,8
779,11,9
7700,110,0
7701,110,1
7710,110,10
7711,110,11
7712,110,12
7713,110,13
7714,110,14
7715,110,15
7716,110,16
7717,110,17
7718,110,18
7719,110,19
7702,110,2
7720,110,20
7721,110,21
7722,110,22
7723,110,23
7724,110,24
7725,110,25
7726,110,26
7727,110,27
7728,110,28
7729,110,29
7703,110,3
7730,110,30
7731,110,31
7732,110,32
7733,110,33
7734,110,34
7735,110,35
7736,110,36
7737,110,37
7738,110,38
7739,110,39
7704,110,4
7740,110,40
7741,110,41
7742,110,42
7743,110,43
7744,110,44
7745,110,45
7746,110,46
7747,110,47
7748,110,48
7749,110,49
7705,110,5
7750,110,50
7751,110,51
7752,110,52
7753,110,53
7754,110,54
7755,110,55
7756,110,56
7757,110,57
7758,110,58
7759,110,59
7706,110,6
7760,110,60
7761,110,61
7762,110,62
7763,110,63
7764,110,64
7765,110,65
7766,110,66
7767,110,67
7768,110,68
7769,110,69
7707,110,7
7708,110,8
7709,110,9
7770,111,0
7771,111,1
7780,111,10
7781,111,11
7782,111,12
7783,111,13
7784,111,14
7785,111,15
7786,111,16
7787,111,17
7788,111,18
7789,111,19
7772,111,2
7790,111,20
7791,111,21
7792,111,22
7793,111,23
7794,111,24
7795,111,25
7796,111,26
7797,111,27
7798,111,28
7799,111,29
7773,111,3
7800,111,30
7801,111,31
7802,111,32
7803,111,33
7804,111,34
7805,111,35
7806,111,36
7807,111,37
7808,111,38
7809,111,39
7774,111,4
7810,111,40
7811,111,41
7812,111,42
7813,111,43
7814,111,44
7815,111,45
7816,111,46
7817,111,47
7818,111,48
7819,111,49
7775,111,5
7820,111,50
7821,111,51
7822,111,52
7823,111,53
7824,111,54
7825,111,55
7826,111,56
7827,111,57
7828,111,58
7829,111,59
7776,111,6
7830,111,60
7831,111,61
7832,111,62
7833,111,63
7834,111,64
7835,111,65
7836,111,66
7837,111,67
7838,111,68
7839,111,69
7777,111,7
7778,111,8
7779,111,9
7840,112,0
7841,112,1
7850,112,10
7851,112,11
7852,112,12
7853,112,13
7854,112,14
7855,112,15
7856,112,16
7857,112,17
7858,112,18
7859,112,19
7842,112,2
7860,112,20
7861,112,21
7862,112,22
7863,112,23
7864,112,24
7865,112,25
7866,112,26
7867,112,27
7868,112,28
7869,112,29
7843,112,3
7870,112,30
7871,112,31
7872,112,32
7873,112,33
7874,112,34
7875,112,35
7876,112,36
7877,112,37
7878,112,38
7879,112,39
7844,112,4
7880,112,40
7881,112,41
7882,112,42
7883,112,43
7884,112,44
7885,112,45
7886,112,46
7887,112,47
7888,112,48
7889,112,49
7845,112,5
7890,112,50
7891,112,51
7892,112,52
7893,112,53
7894,112,54
7895,112,55
7896,112,56
7897,112,57
7898,112,58
7899,112,59
7846,112,6
7900,112,60
7901,112,61
7902,112,62
7903,112,63
7904,112,64
7905,112,65
7906,112,66
7907,112,67
7908,112,68
7909,112,69
7847,112,7
7848,112,8
7849,112,9
7910,113,0
7911,113,1
7920,113,10
7921,113,11
7922,113,12
7923,113,13
7924,113,14
7925,113,15
7926,113,16
7927,113,17
7928,113,18
7929,113,19
7912,113,2
7930,113,20
7931,113,21
7932,113,22
7933,113,23
7934,113,24
7935,113,25
7936,113,26
7937,113,27
7938,113,28
7939,113,29
7913,113,3
7940,113,30
7941,113,31
7942,113,32
7943,113,33
7944,113,34
7945,113,35
7946,113,36
7947,113,37
7948,113,38
7949,113,39
7914,113,4
7950,113,40
7951,113,41
7952,113,42
7953,113,43
7954,113,44
7955,113,45
7956,113,46
7957,113,47
7958,113,48
7959,113,49
7915,113,5
7960,113,50
7961,113,51
7962,113,52
7963,113,53
7964,113,54
7965,113,55
7966,113,56
7967,113,57
7968,113,58
7969,113,59
7916,113,6
7970,113,60
7971,113,61
7972,113,62
7973,113,63
7974,113,64
7975,113,65
7976,113,66
7977,113,67
7978,113,68
7979,113,69
7917,113,7
7918,113,8
7919,113,9
7980,114,0
7981,114,1
7990,114,10
7991,114,11
7992,114,12
7993,114,13
7994,114,14
7995,114,15
7996,114,16
7997,114,17
7998,114,18
7999,114,19
7982,114,2
8000,114,20
8001,114,21
8002,114,22
8003,114,23
8004,114,24
8005,114,25
8006,114,26
8007,114,27
8008,114,28
8009,114,29
7983,114,3
8010,114,30
8011,114,31
8012,114,32
8013,114,33
8014,114,34
8015,114,35
8016,114,36
8017,114,37
8018,114,38
8019,114,39
7984,114,4
8020,114,40
8021,114,41
8022,114,42
8023,114,43
8024,114,44
8025,114,45
8026,114,46
8027,114,47
8028,114,48
8029,114,49
7985,114,5
8030,114,50
8031,114,51
8032,114,52
8033,114,53
8034,114,54
8035,114,55
8036,114,56
8037,114,57
8038,114,58
8039,114,59
7986,114,6
8040,114,60
8041,114,61
8042,114,62
8043,114,63
8044,114,64
8045,114,65
8046,114,66
8047,114,67
8048,114,68
8049,114,69
7987,114,7
7988,114,8
7989,114,9
8050,115,0
8051,115,1
8060,115,10
8061,115,11
8062,115,12
8063,115,13
8064,115,14
8065,115,15
8066,115,16
8067,115,17
8068,115,18
8069,115,19
8052,115,2
8070,115,20
8071,115,21
8072,115,22
8073,115,23
8074,115,24
8075,115,25
8076,115,26
8077,115,27
8078,115,28
8079,115,29
8053,115,3
8080,115,30
8081,115,31
8082,115,32
8083,115,33
8084,115,34
8085,115,35
8086,115,36
8087,115,37
8088,115,38
8089,115,39
8054,115,4
8090,115,40
8091,115,41
8092,115,42
8093,115,43
8094,115,44
8095,115,45
8096,115,46
8097,115,47
8098,115,48
8099,115,49
8055,115,5
8100,115,50
8101,115,51
8102,115,52
8103,115,53
8104,115,54
8105,115,55
8106,115,56
8107,115,57
8108,115,58
8109,115,59
8056,115,6
8110,115,60
8111,115,61
8112,115,62
8113,115,63
8114,115,64
8115,115,65
8116,115,66
8117,115,67
8118,115,68
8119,115,69
8057,115,7
8058,115,8
8059,115,9
8120,116,0
8121,116,1
8130,116,10
8131,116,11
8132,116,12
8133,116,13
8134,116,14
8135,116,15
8136,116,16
8137,116,17
8138,116,18
8139,116,19
8122,116,2
8140,116,20
8141,116,21
8142,116,22
8143,116,23
8144,116,24
8145,116,25
8146,116,26
8147,116,27
8148,116,28
8149,116,29
8123,116,3
8150,116,30
8151,116,31
8152,116,32
8153,116,33
8154,116,34
8155,116,35
8156,116,36
8157,116,37
8158,116,38
8159,116,39
8124,116,4
8160,116,40
8161,116,41
8162,116,42
8163,116,43
8164,116,44
8165,116,45
8166,116,46
8167,116,47
8168,116,48
8169,116,49
8125,116,5
8170,116,50
8171,116,51
8172,116,52
8173,116,53
8174,116,54
8175,116,55
8176,116,56
8177,116,57
8178,116,58
8179,116,59
8126,116,6
8180,116,60
8181,116,61
8182,116,62
8183,116,63
8184,116,64
8185,116,65
8186,116,66
8187,116,67
8188,116,68
8189,116,69
8127,116,7
8128,116,8
8129,116,9
8190,117,0
8191,117,1
8200,117,10
8201,117,11
8202,117,12
8203,117,13
8204,117,14
8205,117,15
8206,117,16
8207,117,17
8208,117,18
8209,117,19
8192,117,2
8210,117,20
8211,117,21
8212,117,22
8213,117,23
8214,117,24
8215,117,25
8216,117,26
8217,117,27
8218,117,28
8219,117,29
8193,117,3
8220,117,30
8221,117,31
8222,117,32
8223,117,33
8224,117,34
8225,117,35
8226,117,36
8227,117,37
8228,117,38
8229,117,39
8194,117,4
8230,117,40
8231,117,41
8232,117,42
8233,117,43
8234,117,44
8235,117,45
8236,117,46
8237,117,47
8238,117,48
8239,117,49
8195,117,5
8240,117,50
8241,117,51
8242,117,52
8243,117,53
8244,117,54
8245,117,55
8246,117,56
8247,117,57
8248,117,58
8249,117,59
8196,117,6
8250,117,60
8251,117,61
8252,117,62
8253,117,63
8254,117,64
8255,117,65
8256,117,66
8257,117,67
8258,117,68
8259,117,69
8197,117,7
8198,117,8
8199,117,9
8260,118,0
8261,118,1
8270,118,10
8271,118,11
8272,118,12
8273,118,13
8274,118,14
8275,118,15
8276,118,16
8277,118,17
8278,118,18
8279,118,19
8262,118,2
8280,118,20
8281,118,21
8282,118,22
8283,118,23
8284,118,24
8285,118,25
8286,118,26
8287,118,27
8288,118,28
8289,118,29
8263,118,3
8290,118,30
8291,118,31
8292,118,32
8293,118,33
8294,118,34
8295,118,35
8296,118,36
8297,118,37
8298,118,38
8299,118,39
8264,118,4
8300,118,40
8301,118,41
8302,118,42
8303,118,43
8304,118,44
8305,118,45
8306,118,46
8307,118,47
8308,118,48
8309,118,49
8265,118,5
8310,118,50
8311,118,51
8312,118,52
8313,118,53
8314,118,54
8315,118,55
8316,118,56
8317,118,57
8318,118,58
8319,118,59
8266,118,6
8320,118,60
8321,118,61
8322,118,62
8323,118,63
8324,118,64
8325,118,65
8326,118,66
8327,118,67
8328,118,68
8329,118,69
8267,118,7
8268,118,8
8269,118,9
8330,119,0
8331,119,1
8340,119,10
8341,119,11
8342,119,12
8343,119,13
8344,119,14
8345,119,15
8346,119,16
8347,119,17
8348,119,18
8349,119,19
8332,119,2
8350,119,20
8351,119,21
8352,119,22
8353,119,23
8354,119,24
8355,119,25
8356,119,26
8357,119,27
8358,119,28
8359,119,29
8333,119,3
8360,119,30
8361,119,31
8362,119,32
8363,119,33
8364,119,34
8365,119,35
8366,119,36
8367,119,37
8368,119,38
8369,119,39
8334,119,4
8370,119,40
8371,119,41
8372,119,42
8373,119,43
8374,119,44
8375,119,45
8376,119,46
8377,119,47
8378,119,48
8379,119,49
8335,119,5
8380,119,50
8381,119,51
8382,119,52
8383,119,53
8384,119,54
8385,119,55
8386,119,56
8387,119,57
8388,119,58
8389,119,59
8336,119,6
8390,119,60
8391,119,61
8392,119,62
8393,119,63
8394,119,64
8395,119,65
8396,119,66
8397,119,67
8398,119,68
8399,119,69
8337,119,7
8338,119,8
8339,119,9
840,12,0
841,12,1
850,12,10
851,12,11
852,12,12
853,12,13
854,12,14
855,12,15
856,12,16
857,12,17
858,12,18
859,12,19
842,12,2
860,12,20
861,12,21
862,12,22
863,12,23
864,12,24
865,12,25
866,12,26
867,12,27
868,12,28
869,12,29
843,12,3
870,12,30
871,12,31
872,12,32
873,12,33
874,12,34
875,12,35
876,12,36
877,12,37
878,12,38
879,12,39
844,12,4
880,12,40
881,12,41
882,12,42
883,12,43
884,12,44
885,12,45
886,12,46
887,12,47
888,12,48
889,12,49
845,12,5
890,12,50
891,12,51
892,12,52
893,12,53
894,12,54
895,12,55
896,12,56
897,12,57
898,12,58
899,12,59
846,12,6
900,12,60
901,12,61
902,12,62
903,12,63
904,12,64
905,12,65
906,12,66
907,12,67
908,12,68
909,12,69
847,12,7
848,12,8
849,12,9
8400,120,0
8401,120,1
8410,120,10
8411,120,11
8412,120,12
8413,120,13
8414,120,14
8415,120,15
8416,120,16
8417,120,17
8418,120,18
8419,120,19
8402,120,2
8420,120,20
8421,120,21
8422,120,22
8423,120,23
8424,120,24
8425,120,25
8426,120,26
8427,120,27
8428,120,28
8429,120,29
8403,120,3
8430,120,30
8431,120,31
8432,120,32
8433,120,33
8434,120,34
8435,120,35
8436,120,36
8437,120,37
8438,120,38
8439,120,39
8404,120,4
8440,120,40
8441,120,41
8442,120,42
8443,120,43
8444,120,44
8445,120,45
8446,120,46
8447,120,47
8448,120,48
8449,120,49
8405,120,5
8450,120,50
8451,120,51
8452,120,52
8453,120,53
8454,120,54
8455,120,55
8456,120,56
8457,120,57
8458,120,58
8459,120,59
8406,120,6
8460,120,60
8461,120,61
8462,120,62
8463,120,63
8464,120,64
8465,120,65
8466,120,66
8467,120,67
8468,120,68
8469,120,69
8407,120,7
8408,120,8
8409,120,9
8470,121,0
8471,121,1
8480,121,10
8481,121,11
8482,121,12
8483,121,13
8484,121,14
8485,121,15
8486,121,16
8487,121,17
8488,121,18
8489,121,19
8472,121,2
8490,121,20
8491,121,21
8492,121,22
8493,121,23
8494,121,24
8495,121,25
8496,121,26
8497,121,27
8498,121,28
8499,121,29
8473,121,3
8500,121,30
8501,121,31
8502,121,32
8503,121,33
8504,121,34
8505,121,35
8506,121,36
8507,121,37
8508,121,38
8509,121,39
8474,121,4
8510,121,40
8511,121,41
8512,121,42
8513,121,43
8514,121,44
8515,121,45
8516,121,46
8517,121,47
8518,121,48
8519,121,49
8475,121,5
8520,121,50
8521,121,51
8522,121,52
8523,121,53
8524,121,54
8525,121,55
8526,121,56
8527,121,57
8528,121,58
8529,121,59
8476,121,6
8530,121,60
8531,121,61
8532,121,62
8533,121,63
8534,121,64
8535,121,65
8536,121,66
8537,121,67
8538,121,68
8539,121,69
8477,121,7
8478,121,8
8479,121,9
910,13,0
911,13,1
920,13,10
921,13,11
922,13,12
923,13,13
924,13,14
925,13,15
926,13,16
927,13,17
928,13,18
929,13,19
912,13,2
930,13,20
931,13,21
932,13,22
933,13,23
934,13,24
935,13,25
936,13,26
937,13,27
938,13,28
939,13,29
913,13,3
940,13,30
941,13,31
942,13,32
943,13,33
944,13,34
945,13,35
946,13,36
947,13,37
948,13,38
949,13,39
914,13,4
950,13,40
951,13,41
952,13,42
953,13,43
954,13,44
955,13,45
956,13,46
957,13,47
958,13,48
959,13,49
915,13,5
960,13,50
961,13,51
962,13,52
963,13,53
964,13,54
965,13,55
966,13,56
967,13,57
968,13,58
969,13,59
916,13,6
970,13,60
971,13,61
972,13,62
973,13,63
974,13,64
975,13,65
976,13,66
977,13,67
978,13,68
979,13,69
917,13,7
918,13,8
919,13,9
980,14,0
981,14,1
990,14,10
991,14,11
992,14,12
993,14,13
994,14,14
995,14,15
996,14,16
997,14,17
998,14,18
999,14,19
982,14,2
1000,14,20
1001,14,21
1002,14,22
1003,14,23
1004,14,24
1005,14,25
1006,14,26
1007,14,27
1008,14,28
1009,14,29
983,14,3
1010,14,30
1011,14,31
1012,14,32
1013,14,33
1014,14,34
1015,14,35
1016,14,36
1017,14,37
1018,14,38
1019,14,39
984,14,4
1020,14,40
1021,14,41
1022,14,42
1023,14,43
1024,14,44
1025,14,45
1026,14,46
1027,14,47
1028,14,48
1029,14,49
985,14,5
1030,14,50
1031,14,51
1032,14,52
1033,14,53
1034,14,54
1035,14,55
1036,14,56
1037,14,57
1038,14,58
1039,14,59
986,14,6
1040,14,60
1041,14,61
1042,14,62
1043,14,63
1044,14,64
1045,14,65
1046,14,66
1047,14,67
1048,14,68
1049,14,69
987,14,7
988,14,8
989,14,9
1050,15,0
1051,15,1
1060,15,10
1061,15,11
1062,15,12
1063,15,13
1064,15,14
1065,15,15
1066,15,16
1067,15,17
1068,15,18
1069,15,19
1052,15,2
1070,15,20
1071,15,21
1072,15,22
1073,15,23
1074,15,24
1075,15,25
1076,15,26
1077,15,27
1078,15,28
1079,15,29
1053,15,3
1080,15,30
1081,15,31
1082,15,32
1083,15,33
1084,15,34
1085,15,35
1086,15,36
1087,15,37
1088,15,38
1089,15,39
1054,15,4
1090,15,40
1091,15,41
1092,15,42
1093,15,43
1094,15,44
1095,15,45
1096,15,46
1097,15,47
1098,15,48
1099,15,49
1055,15,5
1100,15,50
1101,15,51
1102,15,52
1103,15,53
1104,15,54
1105,15,55
1106,15,56
1107,15,57
1108,15,58
1109,15,59
1056,15,6
1110,15,60
1111,15,61
1112,15,62
1113,15,63
1114,15,64
1115,15,65
1116,15,66
1117,15,67
1118,15,68
1119,15,69
1057,15,7
1058,15,8
1059,15,9
1120,16,0
1121,16,1
1130,16,10
1131,16,11
1132,16,12
1133,16,13
1134,16,14
1135,16,15
1136,16,16
1137,16,17
1138,16,18
1139,16,19
1122,16,2
1140,16,20
1141,16,21
1142,16,22
1143,16,23
1144,16,24
1145,16,25
1146,16,26
1147,16,27
1148,16,28
1149,16,29
1123,16,3
1150,16,30
1151,16,31
1152,16,32
1153,16,33
1154,16,34
1155,16,35
1156,16,36
1157,16,37
1158,16,38
1159,16,39
1124,16,4
1160,16,40
1161,16,41
1162,16,42
1163,16,43
1164,16,44
1165,16,45
1166,16,46
1167,16,47
1168,16,48
1169,16,49
1125,16,5
1170,16,50
1171,16,51
1172,16,52
1173,16,53
1174,16,54
1175,16,55
1176,16,56
1177,16,57
1178,16,58
1179,16,59
1126,16,6
1180,16,60
1181,16,61
1182,16,62
1183,16,63
1184,16,64
1185,16,65
1186,16,66
1187,16,67
1188,16,68
1189,16,69
1127,16,7
1128,16,8
1129,16,9
1190,17,0
1191,17,1
1200,17,10
1201,17,11
1202,17,12
1203,17,13
1204,17,14
1205,17,15
1206,17,16
1207,17,17
1208,17,18
1209,17,19
1192,17,2
1210,17,20
1211,17,21
1212,17,22
1213,17,23
1214,17,24
1215,17,25
1216,17,26
1217,17,27
1218,17,28
1219,17,29
1193,17,3
1220,17,30
1221,17,31
1222,17,32
1223,17,33
1224,17,34
1225,17,35
1226,17,36
1227,17,37
1228,17,38
1229,17,39
1194,17,4
1230,17,40
1231,17,41
1232,17,42
1233,17,43
1234,17,44
1235,17,45
1236,17,46
1237,17,47
1238,17,48
1239,17,49
1195,17,5
1240,17,50
1241,17,51
1242,17,52
1243,17,53
1244,17,54
1245,17,55
1246,17,56
1247,17,57
1248,17,58
1249,17,59
1196,17,6
1250,17,60
1251,17,61
1252,17,62
1253,17,63
1254,17,64
1255,17,65
1256,17,66
1257,17,67
1258,17,68
1259,17,69
1197,17,7
1198,17,8
1199,17,9
1260,18,0
1261,18,1
1270,18,10
1271,18,11
1272,18,12
1273,18,13
1274,18,14
1275,18,15
1276,18,16
1277,18,17
1278,18,18
1279,18,19
1262,18,2
1280,18,20
1281,18,21
1282,18,22
1283,18,23
1284,18,24
1285,18,25
1286,18,26
1287,18,27
1288,18,28
1289,18,29
1263,18,3
1290,18,30
1291,18,31
1292,18,32
1293,18,33
1294,18,34
1295,18,35
1296,18,36
1297,18,37
1298,18,38
1299,18,39
1264,18,4
1300,18,40
1301,18,41
1302,18,42
1303,18,43
1304,18,44
1305,18,45
1306,18,46
1307,18,47
1308,18,48
1309,18,49
1265,18,5
1310,18,50
1311,18,51
1312,18,52
1313,18,53
1314,18,54
1315,18,55
1316,18,56
1317,18,57
1318,18,58
1319,18,59
1266,18,6
1320,18,60
1321,18,61
1322,18,62
1323,18,63
1324,18,64
1325,18,65
1326,18,66
1327,18,67
1328,18,68
1329,18,69
1267,18,7
1268,18,8
1269,18,9
1330,19,0
1331,19,1
1340,19,10
1341,19,11
1342,19,12
1343,19,13
1344,19,14
1345,19,15
1346,19,16
1347,19,17
1348,19,18
1349,19,19
1332,19,2
1350,19,20
1351,19,21
1352,19,22
1353,19,23
1354,19,24
1355,19,25
1356,19,26
1357,19,27
1358,19,28
1359,19,29
1333,19,3
1360,19,30
1361,19,31
1362,19,32
1363,19,33
1364,19,34
1365,19,35
1366,19,36
1367,19,37
1368,19,38
1369,19,39
1334,19,4
1370,19,40
1371,19,41
1372,19,42
1373,19,43
1374,19,44
1375,19,45
1376,19,46
1377,19,47
1378,19,48
1379,19,49
1335,19,5
1380,19,50
1381,19,51
1382,19,52
1383,19,53
1384,19,54
1385,19,55
1386,19,56
1387,19,57
1388,19,58
1389,19,59
1336,19,6
1390,19,60
1391,19,61
1392,19,62
1393,19,63
1394,19,64
1395,19,65
1396,19,66
1397,19,67
1398,19,68
1399,19,69
1337,19,7
1338,19,8
1339,19,9
140,2,0
141,2,1
150,2,10
151,2,11
152,2,12
153,2,13
154,2,14
155,2,15
156,2,16
157,2,17
158,2,18
159,2,19
142,2,2
160,2,20
161,2,21
162,2,22
163,2,23
164,2,24
165,2,25
166,2,26
167,2,27
168,2,28
169,2,29
143,2,3
170,2,30
171,2,31
172,2,32
173,2,33
174,2,34
175,2,35
176,2,36
177,2,37
178,2,38
179,2,39
144,2,4
180,2,40
181,2,41
182,2,42
183,2,43
184,2,44
185,2,45
186,2,46
187,2,47
188,2,48
189,2,49
145,2,5
190,2,50
191,2,51
192,2,52
193,2,53
194,2,54
195,2,55
196,2,56
197,2,57
198,2,58
199,2,59
146,2,6
200,2,60
201,2,61
202,2,62
203,2,63
204,2,64
205,2,65
206,2,66
207,2,67
208,2,68
209,2,69
147,2,7
148,2,8
149,2,9
1400,20,0
1401,20,1
1410,20,10
1411,20,11
1412,20,12
1413,20,13
1414,20,14
1415,20,15
1416,20,16
1417,20,17
1418,20,18
1419,20,19
1402,20,2
1420,20,20
1421,20,21
1422,20,22
1423,20,23
1424,20,24
1425,20,25
1426,20,26
1427,20,27
1428,20,28
1429,20,29
1403,20,3
1430,20,30
1431,20,31
1432,20,32
1433,20,33
1434,20,34
1435,20,35
1436,20,36
1437,20,37
1438,20,38
1439,20,39
1404,20,4
1440,20,40
1441,20,41
1442,20,42
1443,20,43
1444,20,44
1445,20,45
1446,20,46
1447,20,47
1448,20,48
1449,20,49
1405,20,5
1450,20,50
1451,20,51
1452,20,52
1453,20,53
1454,20,54
1455,20,55
1456,20,56
1457,20,57
1458,20,58
1459,20,59
1406,20,6
1460,20,60
1461,20,61
1462,20,62
1463,20,63
1464,20,64
1465,20,65
1466,20,66
1467,20,67
1468,20,68
1469,20,69
1407,20,7
1408,20,8
1409,20,9
1470,21,0
1471,21,1
1480,21,10
1481,21,11
1482,21,12
1483,21,13
1484,21,14
1485,21,15
1486,21,16
1487,21,17
1488,21,18
1489,21,19
1472,21,2
1490,21,20
1491,21,21
1492,21,22
1493,21,23
1494,21,24
1495,21,25
1496,21,26
1497,21,27
1498,21,28
1499,21,29
1473,21,3
1500,21,30
1501,21,31
1502,21,32
1503,21,33
1504,21,34
1505,21,35
1506,21,36
1507,21,37
1508,21,38
1509,21,39
1474,21,4
1510,21,40
1511,21,41
1512,21,42
1513,21,43
1514,21,44
1515,21,45
1516,21,46
1517,21,47
1518,21,48
1519,21,49
1475,21,5
1520,21,50
1521,21,51
1522,21,52
1523,21,53
1524,21,54
1525,21,55
1526,21,56
1527,21,57
1528,21,58
1529,21,59
1476,21,6
1530,21,60
1531,21,61
1532,21,62
1533,21,63
1534,21,64
1535,21,65
1536,21,66
1537,21,67
1538,21,68
1539,21,69
1477,21,7
1478,21,8
1479,21,9
1540,22,0
1541,22,1
1550,22,10
1551,22,11
1552,22,12
1553,22,13
1554,22,14
1555,22,15
1556,22,16
1557,22,17
1558,22,18
1559,22,19
1542,22,2
1560,22,20
1561,22,21
1562,22,22
1563,22,23
1564,22,24
1565,22,25
1566,22,26
1567,22,27
1568,22,28
1569,22,29
1543,22,3
1570,22,30
1571,22,31
1572,22,32
1573,22,33
1574,22,34
1575,22,35
1576,22,36
1577,22,37
1578,22,38
1579,22,39
1544,22,4
1580,22,40
1581,22,41
1582,22,42
1583,22,43
1584,22,44
1585,22,45
1586,22,46
1587,22,47
1588,22,48
1589,22,49
1545,22,5
1590,22,50
1591,22,51
1592,22,52
1593,22,53
1594,22,54
1595,22,55
1596,22,56
1597,22,57
1598,22,58
1599,22,59
1546,22,6
1600,22,60
1601,22,61
1602,22,62
1603,22,63
1604,22,64
1605,22,65
1606,22,66
1607,22,67
1608,22,68
1609,22,69
1547,22,7
1548,22,8
1549,22,9
1610,23,0
1611,23,1
1620,23,10
1621,23,11
1622,23,12
1623,23,13
1624,23,14
1625,23,15
1626,23,16
1627,23,17
1628,23,18
1629,23,19
1612,23,2
1630,23,20
1631,23,21
1632,23,22
1633,23,23
1634,23,24
1635,23,25
1636,23,26
1637,23,27
1638,23,28
1639,23,29
1613,23,3
1640,23,30
1641,23,31
1642,23,32
1643,23,33
1644,23,34
1645,23,35
1646,23,36
1647,23,37
1648,23,38
1649,23,39
1614,23,4
1650,23,40
1651,23,41
1652,23,42
1653,23,43
1654,23,44
1655,23,45
1656,23,46
1657,23,47
1658,23,48
1659,23,49
1615,23,5
1660,23,50
1661,23,51
1662,23,52
1663,23,53
1664,23,54
1665,23,55
1666,23,56
1667,23,57
1668,23,58
1669,23,59
1616,23,6
1670,23,60
1671,23,61
1672,23,62
1673,23,63
1674,23,64
1675,23,65
1676,23,66
1677,23,67
1678,23,68
1679,23,69
1617,23,7
1618,23,8
1619,23,9
1680,24,0
1681,24,1
1690,24,10
1691,24,11
1692,24,12
1693,24,13
1694,24,14
1695,24,15
1696,24,16
1697,24,17
1698,24,18
1699,24,19
1682,24,2
1700,24,20
1701,24,21
1702,24,22
1703,24,23
1704,24,24
1705,24,25
1706,24,26
1707,24,27
1708,24,28
1709,24,29
1683,24,3
1710,24,30
1711,24,31
1712,24,32
1713,24,33
1714,24,34
1715,24,35
1716,24,36
1717,24,37
1718,24,38
1719,24,39
1684,24,4
1720,24,40
1721,24,41
1722,24,42
1723,24,43
1724,24,44
1725,24,45
1726,24,46
1727,24,47
1728,24,48
1729,24,49
1685,24,5
1730,24,50
1731,24,51
1732,24,52
1733,24,53
1734,24,54
1735,24,55
1736,24,56
1737,24,57
1738,24,58
1739,24,59
1686,24,6
1740,24,60
1741,24,61
1742,24,62
1743,24,63
1744,24,64
1745,24,65
1746,24,66
1747,24,67
1748,24,68
1749,24,69
1687,24,7
1688,24,8
1689,24,9
1750,25,0
1751,25,1
1760,25,10
1761,25,11
1762,25,12
1763,25,13
1764,25,14
1765,25,15
1766,25,16
1767,25,17
1768,25,18
1769,25,19
1752,25,2
1770,25,20
1771,25,21
1772,25,22
1773,25,23
1774,25,24
1775,25,25
1776,25,26
1777,25,27
1778,25,28
1779,25,29
1753,25,3
1780,25,30
1781,25,31
1782,25,32
1783,25,33
1784,25,34
1785,25,35
1786,25,36
1787,25,37
1788,25,38
1789,25,39
1754,25,4
1790,25,40
1791,25,41
1792,25,42
1793,25,43
1794,25,44
1795,25,45
1796,25,46
1797,25,47
1798,25,48
1799,25,49
1755,25,5
1800,25,50
1801,25,51
1802,25,52
1803,25,53
1804,25,54
1805,25,55
1806,25,56
1807,25,57
1808,25,58
1809,25,59
1756,25,6
1810,25,60
1811,25,61
1812,25,62
1813,25,63
1814,25,64
1815,25,65
1816,25,66
1817,25,67
1818,25,68
1819,25,69
1757,25,7
1758,25,8
1759,25,9
1820,26,0
1821,26,1
1830,26,10
1831,26,11
1832,26,12
1833,26,13
1834,26,14
1835,26,15
1836,26,16
1837,26,17
1838,26,18
1839,26,19
1822,26,2
1840,26,20
1841,26,21
1842,26,22
1843,26,23
1844,26,24
1845,26,25
1846,26,26
1847,26,27
1848,26,28
1849,26,29
1823,26,3
1850,26,30
1851,26,31
1852,26,32
1853,26,33
1854,26,34
1855,26,35
1856,26,36
1857,26,37
1858,26,38
1859,26,39
1824,26,4
1860,26,40
1861,26,41
1862,26,42
1863,26,43
1864,26,44
1865,26,45
1866,26,46
1867,26,47
1868,26,48
1869,26,49
1825,26,5
1870,26,50
1871,26,51
1872,26,52
1873,26,53
1874,26,54
1875,26,55
1876,26,56
1877,26,57
1878,26,58
1879,26,59
1826,26,6
1880,26,60
1881,26,61
1882,26,62
1883,26,63
1884,26,64
1885,26,65
1886,26,66
1887,26,67
1888,26,68
1889,26,69
1827,26,7
1828,26,8
1829,26,9
1890,27,0
1891,27,1
1900,27,10
1901,27,11
1902,27,12
1903,27,13
1904,27,14
1905,27,15
1906,27,16
1907,27,17
1908,27,18
1909,27,19
1892,27,2
1910,27,20
1911,27,21
1912,27,22
1913,27,23
1914,27,24
1915,27,25
1916,27,26
1917,27,27
1918,27,28
1919,27,29
1893,27,3
1920,27,30
1921,27,31
1922,27,32
1923,27,33
1924,27,34
1925,27,35
1926,27,36
1927,27,37
1928,27,38
1929,27,39
1894,27,4
1930,27,40
1931,27,41
1932,27,42
1933,27,43
1934,27,44
1935,27,45
1936,27,46
1937,27,47
1938,27,48
1939,27,49
1895,27,5
1940,27,50
1941,27,51
1942,27,52
1943,27,53
1944,27,54
1945,27,55
1946,27,56
1947,27,57
1948,27,58
1949,27,59
1896,27,6
1950,27,60
1951,27,61
1952,27,62
1953,27,63
1954,27,64
1955,27,65
1956,27,66
1957,27,67
1958,27,68
1959,27,69
1897,27,7
1898,27,8
1899,27,9
1960,28,0
1961,28,1
1970,28,10
1971,28,11
1972,28,12
1973,28,13
1974,28,14
1975,28,15
1976,28,16
1977,28,17
1978,28,18
1979,28,19
1962,28,2
1980,28,20
1981,28,21
1982,28,22
1983,28,23
1984,28,24
1985,28,25
1986,28,26
1987,28,27
1988,28,28
1989,28,29
1963,28,3
1990,28,30
1991,28,31
1992,28,32
1993,28,33
1994,28,34
1995,28,35
1996,28,36
1997,28,37
1998,28,38
1999,28,39
1964,28,4
2000,28,40
2001,28,41
2002,28,42
2003,28,43
2004,28,44
2005,28,45
2006,28,46
2007,28,47
2008,28,48
2009,28,49
1965,28,5
2010,28,50
2011,28,51
2012,28,52
2013,28,53
2014,28,54
2015,28,55
2016,28,56
2017,28,57
2018,28,58
2019,28,59
1966,28,6
2020,28,60
2021,28,61
2022,28,62
2023,28,63
2024,28,64
2025,28,65
2026,28,66
2027,28,67
2028,28,68
2029,28,69
1967,28,7
1968,28,8
1969,28,9
2030,29,0
2031,29,1
2040,29,10
2041,29,11
2042,29,12
2043,29,13
2044,29,14
2045,29,15
2046,29,16
2047,29,17
2048,29,18
2049,29,19
2032,29,2
2050,29,20
2051,29,21
2052,29,22
2053,29,23
2054,29,24
2055,29,25
2056,29,26
2057,29,27
2058,29,28
2059,29,29
2033,29,3
2060,29,30
2061,29,31
2062,29,32
2063,29,33
2064,29,34
2065,29,35
2066,29,36
2067,29,37
2068,29,38
2069,29,39
2034,29,4
2070,29,40
2071,29,41
2072,29,42
2073,29,43
2074,29,44
2075,29,45
2076,29,46
2077,29,47
2078,29,48
2079,29,49
2035,29,5
2080,29,50
2081,29,51
2082,29,52
2083,29,53
2084,29,54
2085,29,55
2086,29,56
2087,29,57
2088,29,58
2089,29,59
2036,29,6
2090,29,60
2091,29,61
2092,29,62
2093,29,63
2094,29,64
2095,29,65
2096,29,66
2097,29,67
2098,29,68
2099,29,69
2037,29,7
2038,29,8
2039,29,9
210,3,0
211,3,1
220,3,10
221,3,11
222,3,12
223,3,13
224,3,14
225,3,15
226,3,16
227,3,17
228,3,18
229,3,19
212,3,2
230,3,20
231,3,21
232,3,22
233,3,23
234,3,24
235,3,25
236,3,26
237,3,27
238,3,28
239,3,29
213,3,3
240,3,30
241,3,31
242,3,32
243,3,33
244,3,34
245,3,35
246,3,36
247,3,37
248,3,38
249,3,39
214,3,4
250,3,40
251,3,41
252,3,42
253,3,43
254,3,44
255,3,45
256,3,46
257,3,47
258,3,48
259,3,49
215,3,5
260,3,50
261,3,51
262,3,52
263,3,53
264,3,54
265,3,55
266,3,56
267,3,57
268,3,58
269,3,59
216,3,6
270,3,60
271,3,61
272,3,62
273,3,63
274,3,64
275,3,65
276,3,66
277,3,67
278,3,68
279,3,69
217,3,7
218,3,8
219,3,9
2100,30,0
2101,30,1
2110,30,10
2111,30,11
2112,30,12
2113,30,13
2114,30,14
2115,30,15
2116,30,16
2117,30,17
2118,30,18
2119,30,19
2102,30,2
2120,30,20
2121,30,21
2122,30,22
2123,30,23
2124,30,24
2125,30,25
2126,30,26
2127,30,27
2128,30,28
2129,30,29
2103,30,3
2130,30,30
2131,30,31
2132,30,32
2133,30,33
2134,30,34
2135,30,35
2136,30,36
2137,30,37
2138,30,38
2139,30,39
2104,30,4
2140,30,40
2141,30,41
2142,30,42
2143,30,43
2144,30,44
2145,30,45
2146,30,46
2147,30,47
2148,30,48
2149,30,49
2105,30,5
2150,30,50
2151,30,51
2152,30,52
2153,30,53
2154,30,54
2155,30,55
2156,30,56
2157,30,57
2158,30,58
2159,30,59
2106,30,6
2160,30,60
2161,30,61
2162,30,62
2163,30,63
2164,30,64
2165,30,65
2166,30,66
2167,30,67
2168,30,68
2169,30,69
2107,30,7
2108,30,8
2109,30,9
2170,31,0
2171,31,1
2180,31,10
2181,31,11
2182,31,12
2183,31,13
2184,31,14
2185,31,15
2186,31,16
2187,31,17
2188,31,18
2189,31,19
2172,31,2
2190,31,20
2191,31,21
2192,31,22
2193,31,23
2194,31,24
2195,31,25
2196,31,26
2197,31,27
2198,31,28
2199,31,29
2173,31,3
2200,31,30
2201,31,31
2202,31,32
2203,31,33
2204,31,34
2205,31,35
2206,31,36
2207,31,37
2208,31,38
2209,31,39
2174,31,4
2210,31,40
2211,31,41
2212,31,42
2213,31,43
2214,31,44
2215,31,45
2216,31,46
2217,31,47
2218,31,48
2219,31,49
2175,31,5
2220,31,50
2221,31,51
2222,31,52
2223,31,53
2224,31,54
2225,31,55
2226,31,56
2227,31,57
2228,31,58
2229,31,59
2176,31,6
2230,31,60
2231,31,61
2232,31,62
2233,31,63
2234,31,64
2235,31,65
2236,31,66
2237,31,67
2238,31,68
2239,31,69
2177,31,7
2178,31,8
2179,31,9
2240,32,0
2241,32,1
2250,32,10
2251,32,11
2252,32,12
2253,32,13
2254,32,14
2255,32,15
2256,32,16
2257,32,17
2258,32,18
2259,32,19
2242,32,2
2260,32,20
2261,32,21
2262,32,22
2263,32,23
2264,32,24
2265,32,25
2266,32,26
2267,32,27
2268,32,28
2269,32,29
2243,32,3
2270,32,30
2271,32,31
2272,32,32
2273,32,33
2274,32,34
2275,32,35
2276,32,36
2277,32,37
2278,32,38
2279,32,39
2244,32,4
2280,32,40
2281,32,41
2282,32,42
2283,32,43
2284,32,44
2285,32,45
2286,32,46
2287,32,47
2288,32,48
2289,32,49
2245,32,5
2290,32,50
2291,32,51
2292,32,52
2293,32,53
2294,32,54
2295,32,55
2296,32,56
2297,32,57
2298,32,58
2299,32,59
2246,32,6
2300,32,60
2301,32,61
2302,32,62
2303,32,63
2304,32,64
2305,32,65
2306,32,66
2307,32,67
2308,32,68
2309,32,69
2247,32,7
2248,32,8
2249,32,9
2310,33,0
2311,33,1
2320,33,10
2321,33,11
2322,33,12
2323,33,13
2324,33,14
2325,33,15
2326,33,16
2327,33,17
2328,33,18
2329,33,19
2312,33,2
2330,33,20
2331,33,21
2332,33,22
2333,33,23
2334,33,24
2335,33,25
2336,33,26
2337,33,27
2338,33,28
2339,33,29
2313,33,3
2340,33,30
2341,33,31
2342,33,32
2343,33,33
2344,33,34
2345,33,35
2346,33,36
2347,33,37
2348,33,38
2349,33,39
2314,33,4
2350,33,40
2351,33,41
2352,33,42
2353,33,43
2354,33,44
2355,33,45
2356,33,46
2357,33,47
2358,33,48
2359,33,49
2315,33,5
2360,33,50
2361,33,51
2362,33,52
2363,33,53
2364,33,54
2365,33,55
2366,33,56
2367,33,57
2368,33,58
2369,33,59
2316,33,6
2370,33,60
2371,33,61
2372,33,62
2373,33,63
2374,33,64
2375,33,65
2376,33,66
2377,33,67
2378,33,68
2379,33,69
2317,33,7
2318,33,8
2319,33,9
2380,34,0
2381,34,1
2390,34,10
2391,34,11
2392,34,12
2393,34,13
2394,34,14
2395,34,15
2396,34,16
2397,34,17
2398,34,18
2399,34,19
2382,34,2
2400,34,20
2401,34,21
2402,34,22
2403,34,23
2404,34,24
2405,34,25
2406,34,26
2407,34,27
2408,34,28
2409,34,29
2383,34,3
2410,34,30
2411,34,31
2412,34,32
2413,34,33
2414,34,34
2415,34,35
2416,34,36
2417,34,37
2418,34,38
2419,34,39
2384,34,4
2420,34,40
2421,34,41
2422,34,42
2423,34,43
2424,34,44
2425,34,45
2426,34,46
2427,34,47
2428,34,48
2429,34,49
2385,34,5
2430,34,50
2431,34,51
2432,34,52
2433,34,53
2434,34,54
2435,34,55
2436,34,56
2437,34,57
2438,34,58
2439,34,59
2386,34,6
2440,34,60
2441,34,61
2442,34,62
2443,34,63
2444,34,64
2445,34,65
2446,34,66
2447,34,67
2448,34,68
2449,34,69
2387,34,7
2388,34,8
2389,34,9
2450,35,0
2451,35,1
2460,35,10
2461,35,11
2462,35,12
2463,35,13
2464,35,14
2465,35,15
2466,35,16
2467,35,17
2468,35,18
2469,35,19
2452,35,2
2470,35,20
2471,35,21
2472,35,22
2473,35,23
2474,35,24
2475,35,25
2476,35,26
2477,35,27
2478,35,28
2479,35,29
2453,35,3
2480,35,30
2481,35,31
2482,35,32
2483,35,33
2484,35,34
2485,35,35
2486,35,36
2487,35,37
2488,35,38
2489,35,39
2454,35,4
2490,35,40
2491,35,41
2492,35,42
2493,35,43
2494,35,44
2495,35,45
2496,35,46
2497,35,47
2498,35,48
2499,35,49
2455,35,5
2500,35,50
2501,35,51
2502,35,52
2503,35,53
2504,35,54
2505,35,55
2506,35,56
2507,35,57
2508,35,58
2509,35,59
2456,35,6
2510,35,60
2511,35,61
2512,35,62
2513,35,63
2514,35,64
2515,35,65
2516,35,66
2517,35,67
2518,35,68
2519,35,69
2457,35,7
2458,35,8
2459,35,9
2520,36,0
2521,36,1
2530,36,10
2531,36,11
2532,36,12
2533,36,13
2534,36,14
2535,36,15
2536,36,16
2537,36,17
2538,36,18
2539,36,19
2522,36,2
2540,36,20
2541,36,21
2542,36,22
2543,36,23
2544,36,24
2545,36,25
2546,36,26
2547,36,27
2548,36,28
2549,36,29
2523,36,3
2550,36,30
2551,36,31
2552,36,32
2553,36,33
2554,36,34
2555,36,35
2556,36,36
2557,36,37
2558,36,38
2559,36,39
2524,36,4
2560,36,40
2561,36,41
2562,36,42
2563,36,43
2564,36,44
2565,36,45
2566,36,46
2567,36,47
2568,36,48
2569,36,49
2525,36,5
2570,36,50
2571,36,51
2572,36,52
2573,36,53
2574,36,54
2575,36,55
2576,36,56
2577,36,57
2578,36,58
2579,36,59
2526,36,6
2580,36,60
2581,36,61
2582,36,62
2583,36,63
2584,36,64
2585,36,65
2586,36,66
2587,36,67
2588,36,68
2589,36,69
2527,36,7
2528,36,8
2529,36,9
2590,37,0
2591,37,1
2600,37,10
2601,37,11
2602,37,12
2603,37,13
2604,37,14
2605,37,15
2606,37,16
2607,37,17
2608,37,18
2609,37,19
2592,37,2
2610,37,20
2611,37,21
2612,37,22
2613,37,23
2614,37,24
2615,37,25
2616,37,26
2617,37,27
2618,37,28
2619,37,29
2593,37,3
2620,37,30
2621,37,31
2622,37,32
2623,37,33
2624,37,34
2625,37,35
2626,37,36
2627,37,37
2628,37,38
2629,37,39
2594,37,4
2630,37,40
2631,37,41
2632,37,42
2633,37,43
2634,37,44
2635,37,45
2636,37,46
2637,37,47
2638,37,48
2639,37,49
2595,37,5
2640,37,50
2641,37,51
2642,37,52
2643,37,53
2644,37,54
2645,37,55
2646,37,56
2647,37,57
2648,37,58
2649,37,59
2596,37,6
2650,37,60
2651,37,61
2652,37,62
2653,37,63
2654,37,64
2655,37,65
2656,37,66
2657,37,67
2658,37,68
2659,37,69
2597,37,7
2598,37,8
2599,37,9
2660,38,0
2661,38,1
2670,38,10
2671,38,11
2672,38,12
2673,38,13
2674,38,14
2675,38,15
2676,38,16
2677,38,17
2678,38,18
2679,38,19
2662,38,2
2680,38,20
2681,38,21
2682,38,22
2683,38,23
2684,38,24
2685,38,25
2686,38,26
2687,38,27
2688,38,28
2689,38,29
2663,38,3
2690,38,30
2691,38,31
2692,38,32
2693,38,33
2694,38,34
2695,38,35
2696,38,36
2697,38,37
2698,38,38
2699,38,39
2664,38,4
2700,38,40
2701,38,41
2702,38,42
2703,38,43
2704,38,44
2705,38,45
2706,38,46
2707,38,47
2708,38,48
2709,38,49
2665,38,5
2710,38,50
2711,38,51
2712,38,52
2713,38,53
2714,38,54
2715,38,55
2716,38,56
2717,38,57
2718,38,58
2719,38,59
2666,38,6
2720,38,60
2721,38,61
2722,38,62
2723,38,63
2724,38,64
2725,38,65
2726,38,66
2727,38,67
2728,38,68
2729,38,69
2667,38,7
2668,38,8
2669,38,9
2730,39,0
2731,39,1
2740,39,10
2741,39,11
2742,39,12
2743,39,13
2744,39,14
2745,39,15
2746,39,16
2747,39,17
2748,39,18
2749,39,19
2732,39,2
2750,39,20
2751,39,21
2752,39,22
2753,39,23
2754,39,24
2755,39,25
2756,39,26
2757,39,27
2758,39,28
2759,39,29
2733,39,3
2760,39,30
2761,39,31
2762,39,32
2763,39,33
2764,39,34
2765,39,35
2766,39,36
2767,39,37
2768,39,38
2769,39,39
2734,39,4
2770,39,40
2771,39,41
2772,39,42
2773,39,43
2774,39,44
2775,39,45
2776,39,46
2777,39,47
2778,39,48
2779,39,49
2735,39,5
2780,39,50
2781,39,51
2782,39,52
2783,39,53
2784,39,54
2785,39,55
2786,39,56
2787,39,57
2788,39,58
2789,39,59
2736,39,6
2790,39,60
2791,39,61
2792,39,62
2793,39,63
2794,39,64
2795,39,65
2796,39,66
2797,39,67
2798,39,68
2799,39,69
2737,39,7
2738,39,8
2739,39,9
280,4,0
281,4,1
290,4,10
291,4,11
292,4,12
293,4,13
294,4,14
295,4,15
296,4,16
297,4,17
298,4,18
299,4,19
282,4,2
300,4,20
301,4,21
302,4,22
303,4,23
304,4,24
305,4,25
306,4,26
307,4,27
308,4,28
309,4,29
283,4,3
310,4,30
311,4,31
312,4,32
313,4,33
314,4,34
315,4,35
316,4,36
317,4,37
318,4,38
319,4,39
284,4,4
320,4,40
321,4,41
322,4,42
323,4,43
324,4,44
325,4,45
326,4,46
327,4,47
328,4,48
329,4,49
285,4,5
330,4,50
331,4,51
332,4,52
333,4,53
334,4,54
335,4,55
336,4,56
337,4,57
338,4,58
339,4,59
286,4,6
340,4,60
341,4,61
342,4,62
343,4,63
344,4,64
345,4,65
346,4,66
347,4,67
348,4,68
349,4,69
287,4,7
288,4,8
289,4,9
2800,40,0
2801,40,1
2810,40,10
2811,40,11
2812,40,12
2813,40,13
2814,40,14
2815,40,15
2816,40,16
2817,40,17
2818,40,18
2819,40,19
2802,40,2
2820,40,20
2821,40,21
2822,40,22
2823,40,23
2824,40,24
2825,40,25
2826,40,26
2827,40,27
2828,40,28
2829,40,29
2803,40,3
2830,40,30
2831,40,31
2832,40,32
2833,40,33
2834,40,34
2835,40,35
2836,40,36
2837,40,37
2838,40,38
2839,40,39
2804,40,4
2840,40,40
2841,40,41
2842,40,42
2843,40,43
2844,40,44
2845,40,45
2846,40,46
2847,40,47
2848,40,48
2849,40,49
2805,40,5
2850,40,50
2851,40,51
2852,40,52
2853,40,53
2854,40,54
2855,40,55
2856,40,56
2857,40,57
2858,40,58
2859,40,59
2806,40,6
2860,40,60
2861,40,61
2862,40,62
2863,40,63
2864,40,64
2865,40,65
2866,40,66
2867,40,67
2868,40,68
2869,40,69
2807,40,7
2808,40,8
2809,40,9
2870,41,0
2871,41,1
2880,41,10
2881,41,11
2882,41,12
2883,41,13
2884,41,14
2885,41,15
2886,41,16
2887,41,17
2888,41,18
2889,41,19
2872,41,2
2890,41,20
2891,41,21
2892,41,22
2893,41,23
2894,41,24
2895,41,25
2896,41,26
2897,41,27
2898,41,28
2899,41,29
2873,41,3
2900,41,30
2901,41,31
2902,41,32
2903,41,33
2904,41,34
2905,41,35
2906,41,36
2907,41,37
2908,41,38
2909,41,39
2874,41,4
2910,41,40
2911,41,41
2912,41,42
2913,41,43
2914,41,44
2915,41,45
2916,41,46
2917,41,47
2918,41,48
2919,41,49
2875,41,5
2920,41,50
2921,41,51
2922,41,52
2923,41,53
2924,41,54
2925,41,55
2926,41,56
2927,41,57
2928,41,58
2929,41,59
2876,41,6
2930,41,60
2931,41,61
2932,41,62
2933,41,63
2934,41,64
2935,41,65
2936,41,66
2937,41,67
2938,41,68
2939,41,69
2877,41,7
2878,41,8
2879,41,9
2940,42,0
2941,42,1
2950,42,10
2951,42,11
2952,42,12
2953,42,13
2954,42,14
2955,42,15
2956,42,16
2957,42,17
2958,42,18
2959,42,19
2942,42,2
2960,42,20
2961,42,21
2962,42,22
2963,42,23
2964,42,24
2965,42,25
2966,42,26
2967,42,27
2968,42,28
2969,42,29
2943,42,3
2970,42,30
2971,42,31
2972,42,32
2973,42,33
2974,42,34
2975,42,35
2976,42,36
2977,42,37
2978,42,38
2979,42,39
2944,42,4
2980,42,40
2981,42,41
2982,42,42
2983,42,43
2984,42,44
2985,42,45
2986,42,46
2987,42,47
2988,42,48
2989,42,49
2945,42,5
2990,42,50
2991,42,51
2992,42,52
2993,42,53
2994,42,54
2995,42,55
2996,42,56
2997,42,57
2998,42,58
2999,42,59
2946,42,6
3000,42,60
3001,42,61
3002,42,62
3003,42,63
3004,42,64
3005,42,65
3006,42,66
3007,42,67
3008,42,68
3009,42,69
2947,42,7
2948,42,8
2949,42,9
3010,43,0
3011,43,1
3020,43,10
3021,43,11
3022,43,12
3023,43,13
3024,43,14
3025,43,15
3026,43,16
3027,43,17
3028,43,18
3029,43,19
3012,43,2
3030,43,20
3031,43,21
3032,43,22
3033,43,23
3034,43,24
3035,43,25
3036,43,26
3037,43,27
3038,43,28
3039,43,29
3013,43,3
3040,43,30
3041,43,31
3042,43,32
3043,43,33
3044,43,34
3045,43,35
3046,43,36
3047,43,37
3048,43,38
3049,43,39
3014,43,4
3050,43,40
3051,43,41
3052,43,42
3053,43,43
3054,43,44
3055,43,45
3056,43,46
3057,43,47
3058,43,48
3059,43,49
3015,43,5
3060,43,50
3061,43,51
3062,43,52
3063,43,53
3064,43,54
3065,43,55
3066,43,56
3067,43,57
3068,43,58
3069,43,59
3016,43,6
3070,43,60
3071,43,61
3072,43,62
3073,43,63
3074,43,64
3075,43,65
3076,43,66
3077,43,67
3078,43,68
3079,43,69
3017,43,7
3018,43,8
3019,43,9
3080,44,0
3081,44,1
3090,44,10
3091,44,11
3092,44,12
3093,44,13
3094,44,14
3095,44,15
3096,44,16
3097,44,17
3098,44,18
3099,44,19
3082,44,2
3100,44,20
3101,44,21
3102,44,22
3103,44,23
3104,44,24
3105,44,25
3106,44,26
3107,44,27
3108,44,28
3109,44,29
3083,44,3
3110,44,30
3111,44,31
3112,44,32
3113,44,33
3114,44,34
3115,44,35
3116,44,36
3117,44,37
3118,44,38
3119,44,39
3084,44,4
3120,44,40
3121,44,41
3122,44,42
3123,44,43
3124,44,44
3125,44,45
3126,44,46
3127,44,47
3128,44,48
3129,44,49
3085,44,5
3130,44,50
3131,44,51
3132,44,52
3133,44,53
3134,44,54
3135,44,55
3136,44,56
3137,44,57
3138,44,58
3139,44,59
3086,44,6
3140,44,60
3141,44,61
3142,44,62
3143,44,63
3144,44,64
3145,44,65
3146,44,66
3147,44,67
3148,44,68
3149,44,69
3087,44,7
3088,44,8
3089,44,9
3150,45,0
3151,45,1
3160,45,10
3161,45,11
3162,45,12
3163,45,13
3164,45,14
3165,45,15
3166,45,16
3167,45,17
3168,45,18
3169,45,19
3152,45,2
3170,45,20
3171,45,21
3172,45,22
3173,45,23
3174,45,24
3175,45,25
3176,45,26
3177,45,27
3178,45,28
3179,45,29
3153,45,3
3180,45,30
3181,45,31
3182,45,32
3183,45,33
3184,45,34
3185,45,35
3186,45,36
3187,45,37
3188,45,38
3189,45,39
3154,45,4
3190,45,40
3191,45,41
3192,45,42
3193,45,43
3194,45,44
3195,45,45
3196,45,46
3197,45,47
3198,45,48
3199,45,49
3155,45,5
3200,45,50
3201,45,51
3202,45,52
3203,45,53
3204,45,54
3205,45,55
3206,45,56
3207,45,57
3208,45,58
3209,45,59
3156,45,6
3210,45,60
3211,45,61
3212,45,62
3213,45,63
3214,45,64
3215,45,65
3216,45,66
3217,45,67
3218,45,68
3219,45,69
3157,45,7
3158,45,8
3159,45,9
3220,46,0
3221,46,1
3230,46,10
3231,46,11
3232,46,12
3233,46,13
3234,46,14
3235,46,15
3236,46,16
3237,46,17
3238,46,18
3239,46,19
3222,46,2
3240,46,20
3241,46,21
3242,46,22
3243,46,23
3244,46,24
3245,46,25
3246,46,26
3247,46,27
3248,46,28
3249,46,29
3223,46,3
3250,46,30
3251,46,31
3252,46,32
3253,46,33
3254,46,34
3255,46,35
3256,46,36
3257,46,37
3258,46,38
3259,46,39
3224,46,4
3260,46,40
3261,46,41
3262,46,42
3263,46,43
3264,46,44
3265,46,45
3266,46,46
3267,46,47
3268,46,48
3269,46,49
3225,46,5
3270,46,50
3271,46,51
3272,46,52
3273,46,53
3274,46,54
3275,46,55
3276,46,56
3277,46,57
3278,46,58
3279,46,59
3226,46,6
3280,46,60
3281,46,61
3282,46,62
3283,46,63
3284,46,64
3285,46,65
3286,46,66
3287,46,67
3288,46,68
3289,46,69
3227,46,7
3228,46,8
3229,46,9
3290,47,0
3291,47,1
3300,47,10
3301,47,11
3302,47,12
3303,47,13
3304,47,14
3305,47,15
3306,47,16
3307,47,17
3308,47,18
3309,47,19
3292,47,2
3310,47,20
3311,47,21
3312,47,22
3313,47,23
3314,47,24
3315,47,25
3316,47,26
3317,47,27
3318,47,28
3319,47,29
3293,47,3
3320,47,30
3321,47,31
3322,47,32
3323,47,33
3324,47,34
3325,47,35
3326,47,36
3327,47,37
3328,47,38
3329,47,39
3294,47,4
3330,47,40
3331,47,41
3332,47,42
3333,47,43
3334,47,44
3335,47,45
3336,47,46
3337,47,47
3338,47,48
3339,47,49
3295,47,5
3340,47,50
3341,47,51
3342,47,52
3343,47,53
3344,47,54
3345,47,55
3346,47,56
3347,47,57
3348,47,58
3349,47,59
3296,47,6
3350,47,60
3351,47,61
3352,47,62
3353,47,63
3354,47,64
3355,47,65
3356,47,66
3357,47,67
3358,47,68
3359,47,69
3297,47,7
3298,47,8
3299,47,9
3360,48,0
3361,48,1
3370,48,10
3371,48,11
3372,48,12
3373,48,13
3374,48,14
3375,48,15
3376,48,16
3377,48,17
3378,48,18
3379,48,19
3362,48,2
3380,48,20
3381,48,21
3382,48,22
3383,48,23
3384,48,24
3385,48,25
3386,48,26
3387,48,27
3388,48,28
3389,48,29
3363,48,3
3390,48,30
3391,48,31
3392,48,32
3393,48,33
3394,48,34
3395,48,35
3396,48,36
3397,48,37
3398,48,38
3399,48,39
3364,48,4
3400,48,40
3401,48,41
3402,48,42
3403,48,43
3404,48,44
3405,48,45
3406,48,46
3407,48,47
3408,48,48
3409,48,49
3365,48,5
3410,48,50
3411,48,51
3412,48,52
3413,48,53
3414,48,54
3415,48,55
3416,48,56
3417,48,57
3418,48,58
3419,48,59
3366,48,6
3420,48,60
3421,48,61
3422,48,62
3423,48,63
3424,48,64
3425,48,65
3426,48,66
3427,48,67
3428,48,68
3429,48,69
3367,48,7
3368,48,8
3369,48,9
3430,49,0
3431,49,1
3440,49,10
3441,49,11
3442,49,12
3443,49,13
3444,49,14
3445,49,15
3446,49,16
3447,49,17
3448,49,18
3449,49,19
3432,49,2
3450,49,20
3451,49,21
3452,49,22
3453,49,23
3454,49,24
3455,49,25
3456,49,26
3457,49,27
3458,49,28
3459,49,29
3433,49,3
3460,49,30
3461,49,31
3462,49,32
3463,49,33
3464,49,34
3465,49,35
3466,49,36
3467,49,37
3468,49,38
3469,49,39
3434,49,4
3470,49,40
3471,49,41
3472,49,42
3473,49,43
3474,49,44
3475,49,45
3476,49,46
3477,49,47
3478,49,48
3479,49,49
3435,49,5
3480,49,50
3481,49,51
3482,49,52
3483,49,53
3484,49,54
3485,49,55
3486,49,56
3487,49,57
3488,49,58
3489,49,59
3436,49,6
3490,49,60
3491,49,61
3492,49,62
3493,49,63
3494,49,64
3495,49,65
3496,49,66
3497,49,67
3498,49,68
3499,49,69
3437,49,7
3438,49,8
3439,49,9
350,5,0
351,5,1
360,5,10
361,5,11
362,5,12
363,5,13
364,5,14
365,5,15
366,5,16
367,5,17
368,5,18
369,5,19
352,5,2
370,5,20
371,5,21
372,5,22
373,5,23
374,5,24
375,5,25
376,5,26
377,5,27
378,5,28
379,5,29
353,5,3
380,5,30
381,5,31
382,5,32
383,5,33
384,5,34
385,5,35
386,5,36
387,5,37
388,5,38
389,5,39
354,5,4
390,5,40
391,5,41
392,5,42
393,5,43
394,5,44
395,5,45
396,5,46
397,5,47
398,5,48
399,5,49
355,5,5
400,5,50
401,5,51
402,5,52
403,5,53
404,5,54
405,5,55
406,5,56
407,5,57
408,5,58
409,5,59
356,5,6
410,5,60
411,5,61
412,5,62
413,5,63
414,5,64
415,5,65
416,5,66
417,5,67
418,5,68
419,5,69
357,5,7
358,5,8
359,5,9
3500,50,0
3501,50,1
3510,50,10
3511,50,11
3512,50,12
3513,50,13
3514,50,14
3515,50,15
3516,50,16
3517,50,17
3518,50,18
3519,50,19
3502,50,2
3520,50,20
3521,50,21
3522,50,22
3523,50,23
3524,50,24
3525,50,25
3526,50,26
3527,50,27
3528,50,28
3529,50,29
3503,50,3
3530,50,30
3531,50,31
3532,50,32
3533,50,33
3534,50,34
3535,50,35
3536,50,36
3537,50,37
3538,50,38
3539,50,39
3504,50,4
3540,50,40
3541,50,41
3542,50,42
3543,50,43
3544,50,44
3545,50,45
3546,50,46
3547,50,47
3548,50,48
3549,50,49
3505,50,5
3550,50,50
3551,50,51
3552,50,52
3553,50,53
3554,50,54
3555,50,55
3556,50,56
3557,50,57
3558,50,58
3559,50,59
3506,50,6
3560,50,60
3561,50,61
3562,50,62
3563,50,63
3564,50,64
3565,50,65
3566,50,66
3567,50,67
3568,50,68
3569,50,69
3507,50,7
3508,50,8
3509,50,9
3570,51,0
3571,51,1
3580,51,10
3581,51,11
3582,51,12
3583,51,13
3584,51,14
3585,51,15
3586,51,16
3587,51,17
3588,51,18
3589,51,19
3572,51,2
3590,51,20
3591,51,21
3592,51,22
3593,51,23
3594,51,24
3595,51,25
3596,51,26
3597,51,27
3598,51,28
3599,51,29
3573,51,3
3600,51,30
3601,51,31
3602,51,32
3603,51,33
3604,51,34
3605,51,35
3606,51,36
3607,51,37
3608,51,38
3609,51,39
3574,51,4
3610,51,40
3611,51,41
3612,51,42
3613,51,43
3614,51,44
3615,51,45
3616,51,46
3617,51,47
3618,51,48
3619,51,49
3575,51,5
3620,51,50
3621,51,51
3622,51,52
3623,51,53
3624,51,54
3625,51,55
3626,51,56
3627,51,57
3628,51,58
3629,51,59
3576,51,6
3630,51,60
3631,51,61
3632,51,62
3633,51,63
3634,51,64
3635,51,65
3636,51,66
3637,51,67
3638,51,68
3639,51,69
3577,51,7
3578,51,8
3579,51,9
3640,52,0
3641,52,1
3650,52,10
3651,52,11
3652,52,12
3653,52,13
3654,52,14
3655,52,15
3656,52,16
3657,52,17
3658,52,18
3659,52,19
3642,52,2
3660,52,20
3661,52,21
3662,52,22
3663,52,23
3664,52,24
3665,52,25
3666,52,26
3667,52,27
3668,52,28
3669,52,29
3643,52,3
3670,52,30
3671,52,31
3672,52,32
3673,52,33
3674,52,34
3675,52,35
3676,52,36
3677,52,37
3678,52,38
3679,52,39
3644,52,4
3680,52,40
3681,52,41
3682,52,42
3683,52,43
3684,52,44
3685,52,45
3686,52,46
3687,52,47
3688,52,48
3689,52,49
3645,52,5
3690,52,50
3691,52,51
3692,52,52
3693,52,53
3694,52,54
3695,52,55
3696,52,56
3697,52,57
3698,52,58
3699,52,59
3646,52,6
3700,52,60
3701,52,61
3702,52,62
3703,52,63
3704,52,64
3705,52,65
3706,52,66
3707,52,67
3708,52,68
3709,52,69
3647,52,7
3648,52,8
3649,52,9
3710,53,0
3711,53,1
3720,53,10
3721,53,11
3722,53,12
3723,53,13
3724,53,14
3725,53,15
3726,53,16
3727,53,17
3728,53,18
3729,53,19
3712,53,2
3730,53,20
3731,53,21
3732,53,22
3733,53,23
3734,53,24
3735,53,25
3736,53,26
3737,53,27
3738,53,28
3739,53,29
3713,53,3
3740,53,30
3741,53,31
3742,53,32
3743,53,33
3744,53,34
3745,53,35
3746,53,36
3747,53,37
3748,53,38
3749,53,39
3714,53,4
3750,53,40
3751,53,41
3752,53,42
3753,53,43
3754,53,44
3755,53,45
3756,53,46
3757,53,47
3758,53,48
3759,53,49
3715,53,5
3760,53,50
3761,53,51
3762,53,52
3763,53,53
3764,53,54
3765,53,55
3766,53,56
3767,53,57
3768,53,58
3769,53,59
3716,53,6
3770,53,60
3771,53,61
3772,53,62
3773,53,63
3774,53,64
3775,53,65
3776,53,66
3777,53,67
3778,53,68
3779,53,69
3717,53,7
3718,53,8
3719,53,9
3780,54,0
3781,54,1
3790,54,10
3791,54,11
3792,54,12
3793,54,13
3794,54,14
3795,54,15
3796,54,16
3797,54,17
3798,54,18
3799,54,19
3782,54,2
3800,54,20
3801,54,21
3802,54,22
3803,54,23
3804,54,24
3805,54,25
3806,54,26
3807,54,27
3808,54,28
3809,54,29
3783,54,3
3810,54,30
3811,54,31
3812,54,32
3813,54,33
3814,54,34
3815,54,35
3816,54,36
3817,54,37
3818,54,38
3819,54,39
3784,54,4
3820,54,40
3821,54,41
3822,54,42
3823,54,43
3824,54,44
3825,54,45
3826,54,46
3827,54,47
3828,54,48
3829,54,49
3785,54,5
3830,54,50
3831,54,51
3832,54,52
3833,54,53
3834,54,54
3835,54,55
3836,54,56
3837,54,57
3838,54,58
3839,54,59
3786,54,6
3840,54,60
3841,54,61
3842,54,62
3843,54,63
3844,54,64
3845,54,65
3846,54,66
3847,54,67
3848,54,68
3849,54,69
3787,54,7
3788,54,8
3789,54,9
3850,55,0
3851,55,1
3860,55,10
3861,55,11
3862,55,12
3863,55,13
3864,55,14
3865,55,15
3866,55,16
3867,55,17
3868,55,18
3869,55,19
3852,55,2
3870,55,20
3871,55,21
3872,55,22
3873,55,23
3874,55,24
3875,55,25
3876,55,26
3877,55,27
3878,55,28
3879,55,29
3853,55,3
3880,55,30
3881,55,31
3882,55,32
3883,55,33
3884,55,34
3885,55,35
3886,55,36
3887,55,37
3888,55,38
3889,55,39
3854,55,4
3890,55,40
3891,55,41
3892,55,42
3893,55,43
3894,55,44
3895,55,45
3896,55,46
3897,55,47
3898,55,48
3899,55,49
3855,55,5
3900,55,50
3901,55,51
3902,55,52
3903,55,53
3904,55,54
3905,55,55
3906,55,56
3907,55,57
3908,55,58
3909,55,59
3856,55,6
3910,55,60
3911,55,61
3912,55,62
3913,55,63
3914,55,64
3915,55,65
3916,55,66
3917,55,67
3918,55,68
3919,55,69
3857,55,7
3858,55,8
3859,55,9
3920,56,0
3921,56,1
3930,56,10
3931,56,11
3932,56,12
3933,56,13
3934,56,14
3935,56,15
3936,56,16
3937,56,17
3938,56,18
3939,56,19
3922,56,2
3940,56,20
3941,56,21
3942,56,22
3943,56,23
3944,56,24
3945,56,25
3946,56,26
3947,56,27
3948,56,28
3949,56,29
3923,56,3
3950,56,30
3951,56,31
3952,56,32
3953,56,33
3954,56,34
3955,56,35
3956,56,36
3957,56,37
3958,56,38
3959,56,39
3924,56,4
3960,56,40
3961,56,41
3962,56,42
3963,56,43
3964,56,44
3965,56,45
3966,56,46
3967,56,47
3968,56,48
3969,56,49
3925,56,5
3970,56,50
3971,56,51
3972,56,52
3973,56,53
3974,56,54
3975,56,55
3976,56,56
3977,56,57
3978,56,58
3979,56,59
3926,56,6
3980,56,60
3981,56,61
3982,56,62
3983,56,63
3984,56,64
3985,56,65
3986,56,66
3987,56,67
3988,56,68
3989,56,69
3927,56,7
3928,56,8
3929,56,9
3990,57,0
3991,57,1
4000,57,10
4001,57,11
4002,57,12
4003,57,13
4004,57,14
4005,57,15
4006,57,16
4007,57,17
4008,57,18
4009,57,19
3992,57,2
4010,57,20
4011,57,21
4012,57,22
4013,57,23
4014,57,24
4015,57,25
4016,57,26
4017,57,27
4018,57,28
4019,57,29
3993,57,3
4020,57,30
4021,57,31
4022,57,32
4023,57,33
4024,57,34
4025,57,35
4026,57,36
4027,57,37
4028,57,38
4029,57,39
3994,57,4
4030,57,40
4031,57,41
4032,57,42
4033,57,43
4034,57,44
4035,57,45
4036,57,46
4037,57,47
4038,57,48
4039,57,49
3995,57,5
4040,57,50
4041,57,51
4042,57,52
4043,57,53
4044,57,54
4045,57,55
4046,57,56
4047,57,57
4048,57,58
4049,57,59
3996,57,6
4050,57,60
4051,57,61
4052,57,62
4053,57,63
4054,57,64
4055,57,65
4056,57,66
4057,57,67
4058,57,68
4059,57,69
3997,57,7
3998,57,8
3999,57,9
4060,58,0
4061,58,1
4070,58,10
4071,58,11
4072,58,12
4073,58,13
4074,58,14
4075,58,15
4076,58,16
4077,58,17
4078,58,18
4079,58,19
4062,58,2
4080,58,20
4081,58,21
4082,58,22
4083,58,23
4084,58,24
4085,58,25
4086,58,26
4087,58,27
4088,58,28
4089,58,29
4063,58,3
4090,58,30
4091,58,31
4092,58,32
4093,58,33
4094,58,34
4095,58,35
4096,58,36
4097,58,37
4098,58,38
4099,58,39
4064,58,4
4100,58,40
4101,58,41
4102,58,42
4103,58,43
4104,58,44
4105,58,45
4106,58,46
4107,58,47
4108,58,48
4109,58,49
4065,58,5
4110,58,50
4111,58,51
4112,58,52
4113,58,53
4114,58,54
4115,58,55
4116,58,56
4117,58,57
4118,58,58
4119,58,59
4066,58,6
4120,58,60
4121,58,61
4122,58,62
4123,58,63
4124,58,64
4125,58,65
4126,58,66
4127,58,67
4128,58,68
4129,58,69
4067,58,7
4068,58,8
4069,58,9
4130,59,0
4131,59,1
4140,59,10
4141,59,11
4142,59,12
4143,59,13
4144,59,14
4145,59,15
4146,59,16
4147,59,17
4148,59,18
4149,59,19
4132,59,2
4150,59,20
4151,59,21
4152,59,22
4153,59,23
4154,59,24
4155,59,25
4156,59,26
4157,59,27
4158,59,28
4159,59,29
4133,59,3
4160,59,30
4161,59,31
4162,59,32
4163,59,33
4164,59,34
4165,59,35
4166,59,36
4167,59,37
4168,59,38
4169,59,39
4134,59,4
4170,59,40
4171,59,41
4172,59,42
4173,59,43
4174,59,44
4175,59,45
4176,59,46
4177,59,47
4178,59,48
4179,59,49
4135,59,5
4180,59,50
4181,59,51
4182,59,52
4183,59,53
4184,59,54
4185,59,55
4186,59,56
4187,59,57
4188,59,58
4189,59,59
4136,59,6
4190,59,60
4191,59,61
4192,59,62
4193,59,63
4194,59,64
4195,59,65
4196,59,66
4197,59,67
4198,59,68
4199,59,69
4137,59,7
4138,59,8
4139,59,9
420,6,0
421,6,1
430,6,10
431,6,11
432,6,12
433,6,13
434,6,14
435,6,15
436,6,16
437,6,17
438,6,18
439,6,19
422,6,2
440,6,20
441,6,21
442,6,22
443,6,23
444,6,24
445,6,25
446,6,26
447,6,27
448,6,28
449,6,29
423,6,3
450,6,30
451,6,31
452,6,32
453,6,33
454,6,34
455,6,35
456,6,36
457,6,37
458,6,38
459,6,39
424,6,4
460,6,40
461,6,41
462,6,42
463,6,43
464,6,44
465,6,45
466,6,46
467,6,47
468,6,48
469,6,49
425,6,5
470,6,50
471,6,51
472,6,52
473,6,53
474,6,54
475,6,55
476,6,56
477,6,57
478,6,58
479,6,59
426,6,6
480,6,60
481,6,61
482,6,62
483,6,63
484,6,64
485,6,65
486,6,66
487,6,67
488,6,68
489,6,69
427,6,7
428,6,8
429,6,9
4200,60,0
4201,60,1
4210,60,10
4211,60,11
4212,60,12
4213,60,13
4214,60,14
4215,60,15
4216,60,16
4217,60,17
4218,60,18
4219,60,19
4202,60,2
4220,60,20
4221,60,21
4222,60,22
4223,60,23
4224,60,24
4225,60,25
4226,60,26
4227,60,27
4228,60,28
4229,60,29
4203,60,3
4230,60,30
4231,60,31
4232,60,32
4233,60,33
4234,60,34
4235,60,35
4236,60,36
4237,60,37
4238,60,38
4239,60,39
4204,60,4
4240,60,40
4241,60,41
4242,60,42
4243,60,43
4244,60,44
4245,60,45
4246,60,46
4247,60,47
4248,60,48
4249,60,49
4205,60,5
4250,60,50
4251,60,51
4252,60,52
4253,60,53
4254,60,54
4255,60,55
4256,60,56
4257,60,57
4258,60,58
4259,60,59
4206,60,6
4260,60,60
4261,60,61
4262,60,62
4263,60,63
4264,60,64
4265,60,65
4266,60,66
4267,60,67
4268,60,68
4269,60,69
4207,60,7
4208,60,8
4209,60,9
4270,61,0
4271,61,1
4280,61,10
4281,61,11
4282,61,12
4283,61,13
4284,61,14
4285,61,15
4286,61,16
4287,61,17
4288,61,18
4289,61,19
4272,61,2
4290,61,20
4291,61,21
4292,61,22
4293,61,23
4294,61,24
4295,61,25
4296,61,26
4297,61,27
4298,61,28
4299,61,29
4273,61,3
4300,61,30
4301,61,31
4302,61,32
4303,61,33
4304,61,34
4305,61,35
4306,61,36
4307,61,37
4308,61,38
4309,61,39
4274,61,4
4310,61,40
4311,61,41
4312,61,42
4313,61,43
4314,61,44
4315,61,45
4316,61,46
4317,61,47
4318,61,48
4319,61,49
4275,61,5
4320,61,50
4321,61,51
4322,61,52
4323,61,53
4324,61,54
4325,61,55
4326,61,56
4327,61,57
4328,61,58
4329,61,59
4276,61,6
4330,61,60
4331,61,61
4332,61,62
4333,61,63
4334,61,64
4335,61,65
4336,61,66
4337,61,67
4338,61,68
4339,61,69
4277,61,7
4278,61,8
4279,61,9
4340,62,0
4341,62,1
4350,62,10
4351,62,11
4352,62,12
4353,62,13
4354,62,14
4355,62,15
4356,62,16
4357,62,17
4358,62,18
4359,62,19
4342,62,2
4360,62,20
4361,62,21
4362,62,22
4363,62,23
4364,62,24
4365,62,25
4366,62,26
4367,62,27
4368,62,28
4369,62,29
4343,62,3
4370,62,30
4371,62,31
4372,62,32
4373,62,33
4374,62,34
4375,62,35
4376,62,36
4377,62,37
4378,62,38
4379,62,39
4344,62,4
4380,62,40
4381,62,41
4382,62,42
4383,62,43
4384,62,44
4385,62,45
4386,62,46
4387,62,47
4388,62,48
4389,62,49
4345,62,5
4390,62,50
4391,62,51
4392,62,52
4393,62,53
4394,62,54
4395,62,55
4396,62,56
4397,62,57
4398,62,58
4399,62,59
4346,62,6
4400,62,60
4401,62,61
4402,62,62
4403,62,63
4404,62,64
4405,62,65
4406,62,66
4407,62,67
4408,62,68
4409,62,69
4347,62,7
4348,62,8
4349,62,9
4410,63,0
4411,63,1
4420,63,10
4421,63,11
4422,63,12
4423,63,13
4424,63,14
4425,63,15
4426,63,16
4427,63,17
4428,63,18
4429,63,19
4412,63,2
4430,63,20
4431,63,21
4432,63,22
4433,63,23
4434,63,24
4435,63,25
4436,63,26
4437,63,27
4438,63,28
4439,63,29
4413,63,3
4440,63,30
4441,63,31
4442,63,32
4443,63,33
4444,63,34
4445,63,35
4446,63,36
4447,63,37
4448,63,38
4449,63,39
4414,63,4
4450,63,40
4451,63,41
4452,63,42
4453,63,43
4454,63,44
4455,63,45
4456,63,46
4457,63,47
4458,63,48
4459,63,49
4415,63,5
4460,63,50
4461,63,51
4462,63,52
4463,63,53
4464,63,54
4465,63,55
4466,63,56
4467,63,57
4468,63,58
4469,63,59
4416,63,6
4470,63,60
4471,63,61
4472,63,62
4473,63,63
4474,63,64
4475,63,65
4476,63,66
4477,63,67
4478,63,68
4479,63,69
4417,63,7
4418,63,8
4419,63,9
4480,64,0
4481,64,1
4490,64,10
4491,64,11
4492,64,12
4493,64,13
4494,64,14
4495,64,15
4496,64,16
4497,64,17
4498,64,18
4499,64,19
4482,64,2
4500,64,20
4501,64,21
4502,64,22
4503,64,23
4504,64,24
4505,64,25
4506,64,26
4507,64,27
4508,64,28
4509,64,29
4483,64,3
4510,64,30
4511,64,31
4512,64,32
4513,64,33
4514,64,34
4515,64,35
4516,64,36
4517,64,37
4518,64,38
4519,64,39
4484,64,4
4520,64,40
4521,64,41
4522,64,42
4523,64,43
4524,64,44
4525,64,45
4526,64,46
4527,64,47
4528,64,48
4529,64,49
4485,64,5
4530,64,50
4531,64,51
4532,64,52
4533,64,53
4534,64,54
4535,64,55
4536,64,56
4537,64,57
4538,64,58
4539,64,59
4486,64,6
4540,64,60
4541,64,61
4542,64,62
4543,64,63
4544,64,64
4545,64,65
4546,64,66
4547,64,67
4548,64,68
4549,64,69
4487,64,7
4488,64,8
4489,64,9
4550,65,0
4551,65,1
4560,65,10
4561,65,11
4562,65,12
4563,65,13
4564,65,14
4565,65,15
4566,65,16
4567,65,17
4568,65,18
4569,65,19
4552,65,2
4570,65,20
4571,65,21
4572,65,22
4573,65,23
4574,65,24
4575,65,25
4576,65,26
4577,65,27
4578,65,28
4579,65,29
4553,65,3
4580,65,30
4581,65,31
4582,65,32
4583,65,33
4584,65,34
4585,65,35
4586,65,36
4587,65,37
4588,65,38
4589,65,39
4554,65,4
4590,65,40
4591,65,41
4592,65,42
4593,65,43
4594,65,44
4595,65,45
4596,65,46
4597,65,47
4598,65,48
4599,65,49
4555,65,5
4600,65,50
4601,65,51
4602,65,52
4603,65,53
4604,65,54
4605,65,55
4606,65,56
4607,65,57
4608,65,58
4609,65,59
4556,65,6
4610,65,60
4611,65,61
4612,65,62
4613,65,63
4614,65,64
4615,65,65
4616,65,66
4617,65,67
4618,65,68
4619,65,69
4557,65,7
4558,65,8
4559,65,9
4620,66,0
4621,66,1
4630,66,10
4631,66,11
4632,66,12
4633,66,13
4634,66,14
4635,66,15
4636,66,16
4637,66,17
4638,66,18
4639,66,19
4622,66,2
4640,66,20
4641,66,21
4642,66,22
4643,66,23
4644,66,24
4645,66,25
4646,66,26
4647,66,27
4648,66,28
4649,66,29
4623,66,3
4650,66,30
4651,66,31
4652,66,32
4653,66,33
4654,66,34
4655,66,35
4656,66,36
4657,66,37
4658,66,38
4659,66,39
4624,66,4
4660,66,40
4661,66,41
4662,66,42
4663,66,43
4664,66,44
4665,66,45
4666,66,46
4667,66,47
4668,66,48
4669,66,49
4625,66,5
4670,66,50
4671,66,51
4672,66,52
4673,66,53
4674,66,54
4675,66,55
4676,66,56
4677,66,57
4678,66,58
4679,66,59
4626,66,6
4680,66,60
4681,66,61
4682,66,62
4683,66,63
4684,66,64
4685,66,65
4686,66,66
4687,66,67
4688,66,68
4689,66,69
4627,66,7
4628,66,8
4629,66,9
4690,67,0
4691,67,1
4700,67,10
4701,67,11
4702,67,12
4703,67,13
4704,67,14
4705,67,15
4706,67,16
4707,67,17
4708,67,18
4709,67,19
4692,67,2
4710,67,20
4711,67,21
4712,67,22
4713,67,23
4714,67,24
4715,67,25
4716,67,26
4717,67,27
4718,67,28
4719,67,29
4693,67,3
4720,67,30
4721,67,31
4722,67,32
4723,67,33
4724,67,34
4725,67,35
4726,67,36
4727,67,37
4728,67,38
4729,67,39
4694,67,4
4730,67,40
4731,67,41
4732,67,42
4733,67,43
4734,67,44
4735,67,45
4736,67,46
4737,67,47
4738,67,48
4739,67,49
4695,67,5
4740,67,50
4741,67,51
4742,67,52
4743,67,53
4744,67,54
4745,67,55
4746,67,56
4747,67,57
4748,67,58
4749,67,59
4696,67,6
4750,67,60
4751,67,61
4752,67,62
4753,67,63
4754,67,64
4755,67,65
4756,67,66
4757,67,67
4758,67,68
4759,67,69
4697,67,7
4698,67,8
4699,67,9
4760,68,0
4761,68,1
4770,68,10
4771,68,11
4772,68,12
4773,68,13
4774,68,14
4775,68,15
4776,68,16
4777,68,17
4778,68,18
4779,68,19
4762,68,2
4780,68,20
4781,68,21
4782,68,22
4783,68,23
4784,68,24
4785,68,25
4786,68,26
4787,68,27
4788,68,28
4789,68,29
4763,68,3
4790,68,30
4791,68,31
4792,68,32
4793,68,33
4794,68,34
4795,68,35
4796,68,36
4797,68,37
4798,68,38
4799,68,39
4764,68,4
4800,68,40
4801,68,41
4802,68,42
4803,68,43
4804,68,44
4805,68,45
4806,68,46
4807,68,47
4808,68,48
4809,68,49
4765,68,5
4810,68,50
4811,68,51
4812,68,52
4813,68,53
4814,68,54
4815,68,55
4816,68,56
4817,68,57
4818,68,58
4819,68,59
4766,68,6
4820,68,60
4821,68,61
4822,68,62
4823,68,63
4824,68,64
4825,68,65
4826,68,66
4827,68,67
4828,68,68
4829,68,69
4767,68,7
4768,68,8
4769,68,9
4830,69,0
4831,69,1
4840,69,10
4841,69,11
4842,69,12
4843,69,13
4844,69,14
4845,69,15
4846,69,16
4847,69,17
4848,69,18
4849,69,19
4832,69,2
4850,69,20
4851,69,21
4852,69,22
4853,69,23
4854,69,24
4855,69,25
4856,69,26
4857,69,27
4858,69,28
4859,69,29
4833,69,3
4860,69,30
4861,69,31
4862,69,32
4863,69,33
4864,69,34
4865,69,35
4866,69,36
4867,69,37
4868,69,38
4869,69,39
4834,69,4
4870,69,40
4871,69,41
4872,69,42
4873,69,43
4874,69,44
4875,69,45
4876,69,46
4877,69,47
4878,69,48
4879,69,49
4835,69,5
4880,69,50
4881,69,51
4882,69,52
4883,69,53
4884,69,54
4885,69,55
4886,69,56
4887,69,57
4888,69,58
4889,69,59
4836,69,6
4890,69,60
4891,69,61
4892,69,62
4893,69,63
4894,69,64
4895,69,65
4896,69,66
4897,69,67
4898,69,68
4899,69,69
4837,69,7
4838,69,8
4839,69,9
490,7,0
491,7,1
500,7,10
501,7,11
502,7,12
503,7,13
504,7,14
505,7,15
506,7,16
507,7,17
508,7,18
509,7,19
492,7,2
510,7,20
511,7,21
512,7,22
513,7,23
514,7,24
515,7,25
516,7,26
517,7,27
518,7,28
519,7,29
493,7,3
520,7,30
521,7,31
522,7,32
523,7,33
524,7,34
525,7,35
526,7,36
527,7,37
528,7,38
529,7,39
494,7,4
530,7,40
531,7,41
532,7,42
533,7,43
534,7,44
535,7,45
536,7,46
537,7,47
538,7,48
539,7,49
495,7,5
540,7,50
541,7,51
542,7,52
543,7,53
544,7,54
545,7,55
546,7,56
547,7,57
548,7,58
549,7,59
496,7,6
550,7,60
551,7,61
552,7,62
553,7,63
554,7,64
555,7,65
556,7,66
557,7,67
558,7,68
559,7,69
497,7,7
498,7,8
499,7,9
4900,70,0
4901,70,1
4910,70,10
4911,70,11
4912,70,12
4913,70,13
4914,70,14
4915,70,15
4916,70,16
4917,70,17
4918,70,18
4919,70,19
4902,70,2
4920,70,20
4921,70,21
4922,70,22
4923,70,23
4924,70,24
4925,70,25
4926,70,26
4927,70,27
4928,70,28
4929,70,29
4903,70,3
4930,70,30
4931,70,31
4932,70,32
4933,70,33
4934,70,34
4935,70,35
4936,70,36
4937,70,37
4938,70,38
4939,70,39
4904,70,4
4940,70,40
4941,70,41
4942,70,42
4943,70,43
4944,70,44
4945,70,45
4946,70,46
4947,70,47
4948,70,48
4949,70,49
4905,70,5
4950,70,50
4951,70,51
4952,70,52
4953,70,53
4954,70,54
4955,70,55
4956,70,56
4957,70,57
4958,70,58
4959,70,59
4906,70,6
4960,70,60
4961,70,61
4962,70,62
4963,70,63
4964,70,64
4965,70,65
4966,70,66
4967,70,67
4968,70,68
4969,70,69
4907,70,7
4908,70,8
4909,70,9
4970,71,0
4971,71,1
4980,71,10
4981,71,11
4982,71,12
4983,71,13
4984,71,14
4985,71,15
4986,71,16
4987,71,17
4988,71,18
4989,71,19
4972,71,2
4990,71,20
4991,71,21
4992,71,22
4993,71,23
4994,71,24
4995,71,25
4996,71,26
4997,71,27
4998,71,28
4999,71,29
4973,71,3
5000,71,30
5001,71,31
5002,71,32
5003,71,33
5004,71,34
5005,71,35
5006,71,36
5007,71,37
5008,71,38
5009,71,39
4974,71,4
5010,71,40
5011,71,41
5012,71,42
5013,71,43
5014,71,44
5015,71,45
5016,71,46
5017,71,47
5018,71,48
5019,71,49
4975,71,5
5020,71,50
5021,71,51
5022,71,52
5023,71,53
5024,71,54
5025,71,55
5026,71,56
5027,71,57
5028,71,58
5029,71,59
4976,71,6
5030,71,60
5031,71,61
5032,71,62
5033,71,63
5034,71,64
5035,71,65
5036,71,66
5037,71,67
5038,71,68
5039,71,69
4977,71,7
4978,71,8
4979,71,9
5040,72,0
5041,72,1
5050,72,10
5051,72,11
5052,72,12
5053,72,13
5054,72,14
5055,72,15
5056,72,16
5057,72,17
5058,72,18
5059,72,19
5042,72,2
5060,72,20
5061,72,21
5062,72,22
5063,72,23
5064,72,24
5065,72,25
5066,72,26
5067,72,27
5068,72,28
5069,72,29
5043,72,3
5070,72,30
5071,72,31
5072,72,32
5073,72,33
5074,72,34
5075,72,35
5076,72,36
5077,72,37
5078,72,38
5079,72,39
5044,72,4
5080,72,40
5081,72,41
5082,72,42
5083,72,43
5084,72,44
5085,72,45
5086,72,46
5087,72,47
5088,72,48
5089,72,49
5045,72,5
5090,72,50
5091,72,51
5092,72,52
5093,72,53
5094,72,54
5095,72,55
5096,72,56
5097,72,57
5098,72,58
5099,72,59
5046,72,6
5100,72,60
5101,72,61
5102,72,62
5103,72,63
5104,72,64
5105,72,65
5106,72,66
5107,72,67
5108,72,68
5109,72,69
5047,72,7
5048,72,8
5049,72,9
5110,73,0
5111,73,1
5120,73,10
5121,73,11
5122,73,12
5123,73,13
5124,73,14
5125,73,15
5126,73,16
5127,73,17
5128,73,18
5129,73,19
5112,73,2
5130,73,20
5131,73,21
5132,73,22
5133,73,23
5134,73,24
5135,73,25
5136,73,26
5137,73,27
5138,73,28
5139,73,29
5113,73,3
5140,73,30
5141,73,31
5142,73,32
5143,73,33
5144,73,34
5145,73,35
5146,73,36
5147,73,37
5148,73,38
5149,73,39
5114,73,4
5150,73,40
5151,73,41
5152,73,42
5153,73,43
5154,73,44
5155,73,45
5156,73,46
5157,73,47
5158,73,48
5159,73,49
5115,73,5
5160,73,50
5161,73,51
5162,73,52
5163,73,53
5164,73,54
5165,73,55
5166,73,56
5167,73,57
5168,73,58
5169,73,59
5116,73,6
5170,73,60
5171,73,61
5172,73,62
5173,73,63
5174,73,64
5175,73,65
5176,73,66
5177,73,67
5178,73,68
5179,73,69
5117,73,7
5118,73,8
5119,73,9
5180,74,0
5181,74,1
5190,74,10
5191,74,11
5192,74,12
5193,74,13
5194,74,14
5195,74,15
5196,74,16
5197,74,17
5198,74,18
5199,74,19
5182,74,2
5200,74,20
5201,74,21
5202,74,22
5203,74,23
5204,74,24
5205,74,25
5206,74,26
5207,74,27
5208,74,28
5209,74,29
5183,74,3
5210,74,30
5211,74,31
5212,74,32
5213,74,33
5214,74,34
5215,74,35
5216,74,36
5217,74,37
5218,74,38
5219,74,39
5184,74,4
5220,74,40
5221,74,41
5222,74,42
5223,74,43
5224,74,44
5225,74,45
5226,74,46
5227,74,47
5228,74,48
5229,74,49
5185,74,5
5230,74,50
5231,74,51
5232,74,52
5233,74,53
5234,74,54
5235,74,55
5236,74,56
5237,74,57
5238,74,58
5239,74,59
5186,74,6
5240,74,60
5241,74,61
5242,74,62
5243,74,63
5244,74,64
5245,74,65
5246,74,66
5247,74,67
5248,74,68
5249,74,69
5187,74,7
5188,74,8
5189,74,9
5250,75,0
5251,75,1
5260,75,10
5261,75,11
5262,75,12
5263,75,13
5264,75,14
5265,75,15
5266,75,16
5267,75,17
5268,75,18
5269,75,19
5252,75,2
5270,75,20
5271,75,21
5272,75,22
5273,75,23
5274,75,24
5275,75,25
5276,75,26
5277,75,27
5278,75,28
5279,75,29
5253,75,3
5280,75,30
5281,75,31
5282,75,32
5283,75,33
5284,75,34
5285,75,35
5286,75,36
5287,75,37
5288,75,38
5289,75,39
5254,75,4
5290,75,40
5291,75,41
5292,75,42
5293,75,43
5294,75,44
5295,75,45
5296,75,46
5297,75,47
5298,75,48
5299,75,49
5255,75,5
5300,75,50
5301,75,51
5302,75,52
5303,75,53
5304,75,54
5305,75,55
5306,75,56
5307,75,57
5308,75,58
5309,75,59
5256,75,6
5310,75,60
5311,75,61
5312,75,62
5313,75,63
5314,75,64
5315,75,65
5316,75,66
5317,75,67
5318,75,68
5319,75,69
5257,75,7
5258,75,8
5259,75,9
5320,76,0
5321,76,1
5330,76,10
5331,76,11
5332,76,12
5333,76,13
5334,76,14
5335,76,15
5336,76,16
5337,76,17
5338,76,18
5339,76,19
5322,76,2
5340,76,20
5341,76,21
5342,76,22
5343,76,23
5344,76,24
5345,76,25
5346,76,26
5347,76,27
5348,76,28
5349,76,29
5323,76,3
5350,76,30
5351,76,31
5352,76,32
5353,76,33
5354,76,34
5355,76,35
5356,76,36
5357,76,37
5358,76,38
5359,76,39
5324,76,4
5360,76,40
5361,76,41
5362,76,42
5363,76,43
5364,76,44
5365,76,45
5366,76,46
5367,76,47
5368,76,48
5369,76,49
5325,76,5
5370,76,50
5371,76,51
5372,76,52
5373,76,53
5374,76,54
5375,76,55
5376,76,56
5377,76,57
5378,76,58
5379,76,59
5326,76,6
5380,76,60
5381,76,61
5382,76,62
5383,76,63
5384,76,64
5385,76,65
5386,76,66
5387,76,67
5388,76,68
5389,76,69
5327,76,7
5328,76,8
5329,76,9
5390,77,0
5391,77,1
5400,77,10
5401,77,11
5402,77,12
5403,77,13
5404,77,14
5405,77,15
5406,77,16
5407,77,17
5408,77,18
5409,77,19
5392,77,2
5410,77,20
5411,77,21
5412,77,22
5413,77,23
5414,77,24
5415,77,25
5416,77,26
5417,77,27
5418,77,28
5419,77,29
5393,77,3
5420,77,30
5421,77,31
5422,77,32
5423,77,33
5424,77,34
5425,77,35
5426,77,36
5427,77,37
5428,77,38
5429,77,39
5394,77,4
5430,77,40
5431,77,41
5432,77,42
5433,77,43
5434,77,44
5435,77,45
5436,77,46
5437,77,47
5438,77,48
5439,77,49
5395,77,5
5440,77,50
5441,77,51
5442,77,52
5443,77,53
5444,77,54
5445,77,55
5446,77,56
5447,77,57
5448,77,58
5449,77,59
5396,77,6
5450,77,60
5451,77,61
5452,77,62
5453,77,63
5454,77,64
5455,77,65
5456,77,66
5457,77,67
5458,77,68
5459,77,69
5397,77,7
5398,77,8
5399,77,9
5460,78,0
5461,78,1
5470,78,10
5471,78,11
5472,78,12
5473,78,13
5474,78,14
5475,78,15
5476,78,16
5477,78,17
5478,78,18
5479,78,19
5462,78,2
5480,78,20
5481,78,21
5482,78,22
5483,78,23
5484,78,24
5485,78,25
5486,78,26
5487,78,27
5488,78,28
5489,78,29
5463,78,3
5490,78,30
5491,78,31
5492,78,32
5493,78,33
5494,78,34
5495,78,35
5496,78,36
5497,78,37
5498,78,38
5499,78,39
5464,78,4
5500,78,40
5501,78,41
5502,78,42
5503,78,43
5504,78,44
5505,78,45
5506,78,46
5507,78,47
5508,78,48
5509,78,49
5465,78,5
5510,78,50
5511,78,51
5512,78,52
5513,78,53
5514,78,54
5515,78,55
5516,78,56
5517,78,57
5518,78,58
5519,78,59
5466,78,6
5520,78,60
5521,78,61
5522,78,62
5523,78,63
5524,78,64
5525,78,65
5526,78,66
5527,78,67
5528,78,68
5529,78,69
5467,78,7
5468,78,8
5469,78,9
5530,79,0
5531,79,1
5540,79,10
5541,79,11
5542,79,12
5543,79,13
5544,79,14
5545,79,15
5546,79,16
5547,79,17
5548,79,18
5549,79,19
5532,79,2
5550,79,20
5551,79,21
5552,79,22
5553,79,23
5554,79,24
5555,79,25
5556,79,26
5557,79,27
5558,79,28
5559,79,29
5533,79,3
5560,79,30
5561,79,31
5562,79,32
5563,79,33
5564,79,34
5565,79,35
5566,79,36
5567,79,37
5568,79,38
5569,79,39
5534,79,4
5570,79,40
5571,79,41
5572,79,42
5573,79,43
5574,79,44
5575,79,45
5576,79,46
5577,79,47
5578,79,48
5579,79,49
5535,79,5
5580,79,50
5581,79,51
5582,79,52
5583,79,53
5584,79,54
5585,79,55
5586,79,56
5587,79,57
5588,79,58
5589,79,59
5536,79,6
5590,79,60
5591,79,61
5592,79,62
5593,79,63
5594,79,64
5595,79,65
5596,79,66
5597,79,67
5598,79,68
5599,79,69
5537,79,7
5538,79,8
5539,79,9
560,8,0
561,8,1
570,8,10
571,8,11
572,8,12
573,8,13
574,8,14
575,8,15
576,8,16
577,8,17
578,8,18
579,8,19
562,8,2
580,8,20
581,8,21
582,8,22
583,8,23
584,8,24
585,8,25
586,8,26
587,8,27
588,8,28
589,8,29
563,8,3
590,8,30
591,8,31
592,8,32
593,8,33
594,8,34
595,8,35
596,8,36
597,8,37
598,8,38
599,8,39
564,8,4
600,8,40
601,8,41
602,8,42
603,8,43
604,8,44
605,8,45
606,8,46
607,8,47
608,8,48
609,8,49
565,8,5
610,8,50
611,8,51
612,8,52
613,8,53
614,8,54
615,8,55
616,8,56
617,8,57
618,8,58
619,8,59
566,8,6
620,8,60
621,8,61
622,8,62
623,8,63
624,8,64
625,8,65
626,8,66
627,8,67
628,8,68
629,8,69
567,8,7
568,8,8
569,8,9
5600,80,0
5601,80,1
5610,80,10
5611,80,11
5612,80,12
5613,80,13
5614,80,14
5615,80,15
5616,80,16
5617,80,17
5618,80,18
5619,80,19
5602,80,2
5620,80,20
5621,80,21
5622,80,22
5623,80,23
5624,80,24
5625,80,25
5626,80,26
5627,80,27
5628,80,28
5629,80,29
5603,80,3
5630,80,30
5631,80,31
5632,80,32
5633,80,33
5634,80,34
5635,80,35
5636,80,36
5637,80,37
5638,80,38
5639,80,39
5604,80,4
5640,80,40
5641,80,41
5642,80,42
5643,80,43
5644,80,44
5645,80,45
5646,80,46
5647,80,47
5648,80,48
5649,80,49
5605,80,5
5650,80,50
5651,80,51
5652,80,52
5653,80,53
5654,80,54
5655,80,55
5656,80,56
5657,80,57
5658,80,58
5659,80,59
5606,80,6
5660,80,60
5661,80,61
5662,80,62
5663,80,63
5664,80,64
5665,80,65
5666,80,66
5667,80,67
5668,80,68
5669,80,69
5607,80,7
5608,80,8
5609,80,9
5670,81,0
5671,81,1
5680,81,10
5681,81,11
5682,81,12
5683,81,13
5684,81,14
5685,81,15
5686,81,16
5687,81,17
5688,81,18
5689,81,19
5672,81,2
5690,81,20
5691,81,21
5692,81,22
5693,81,23
5694,81,24
5695,81,25
5696,81,26
5697,81,27
5698,81,28
5699,81,29
5673,81,3
5700,81,30
5701,81,31
5702,81,32
5703,81,33
5704,81,34
5705,81,35
5706,81,36
5707,81,37
5708,81,38
5709,81,39
5674,81,4
5710,81,40
5711,81,41
5712,81,42
5713,81,43
5714,81,44
5715,81,45
5716,81,46
5717,81,47
5718,81,48
5719,81,49
5675,81,5
5720,81,50
5721,81,51
5722,81,52
5723,81,53
5724,81,54
5725,81,55
5726,81,56
5727,81,57
5728,81,58
5729,81,59
5676,81,6
5730,81,60
5731,81,61
5732,81,62
5733,81,63
5734,81,64
5735,81,65
5736,81,66
5737,81,67
5738,81,68
5739,81,69
5677,81,7
5678,81,8
5679,81,9
5740,82,0
5741,82,1
5750,82,10
5751,82,11
5752,82,12
5753,82,13
5754,82,14
5755,82,15
5756,82,16
5757,82,17
5758,82,18
5759,82,19
5742,82,2
5760,82,20
5761,82,21
5762,82,22
5763,82,23
5764,82,24
5765,82,25
5766,82,26
5767,82,27
5768,82,28
5769,82,29
5743,82,3
5770,82,30
5771,82,31
5772,82,32
5773,82,33
5774,82,34
5775,82,35
5776,82,36
5777,82,37
5778,82,38
5779,82,39
5744,82,4
5780,82,40
5781,82,41
5782,82,42
5783,82,43
5784,82,44
5785,82,45
5786,82,46
5787,82,47
5788,82,48
5789,82,49
5745,82,5
5790,82,50
5791,82,51
5792,82,52
5793,82,53
5794,82,54
5795,82,55
5796,82,56
5797,82,57
5798,82,58
5799,82,59
5746,82,6
5800,82,60
5801,82,61
5802,82,62
5803,82,63
5804,82,64
5805,82,65
5806,82,66
5807,82,67
5808,82,68
5809,82,69
5747,82,7
5748,82,8
5749,82,9
5810,83,0
5811,83,1
5820,83,10
5821,83,11
5822,83,12
5823,83,13
5824,83,14
5825,83,15
5826,83,16
5827,83,17
5828,83,18
5829,83,19
5812,83,2
5830,83,20
5831,83,21
5832,83,22
5833,83,23
5834,83,24
5835,83,25
5836,83,26
5837,83,27
5838,83,28
5839,83,29
5813,83,3
5840,83,30
5841,83,31
5842,83,32
5843,83,33
5844,83,34
5845,83,35
5846,83,36
5847,83,37
5848,83,38
5849,83,39
5814,83,4
5850,83,40
5851,83,41
5852,83,42
5853,83,43
5854,83,44
5855,83,45
5856,83,46
5857,83,47
5858,83,48
5859,83,49
5815,83,5
5860,83,50
5861,83,51
5862,83,52
5863,83,53
5864,83,54
5865,83,55
5866,83,56
5867,83,57
5868,83,58
5869,83,59
5816,83,6
5870,83,60
5871,83,61
5872,83,62
5873,83,63
5874,83,64
5875,83,65
5876,83,66
5877,83,67
5878,83,68
5879,83,69
5817,83,7
5818,83,8
5819,83,9
5880,84,0
5881,84,1
5890,84,10
5891,84,11
5892,84,12
5893,84,13
5894,84,14
5895,84,15
5896,84,16
5897,84,17
5898,84,18
5899,84,19
5882,84,2
5900,84,20
5901,84,21
5902,84,22
5903,84,23
5904,84,24
5905,84,25
5906,84,26
5907,84,27
5908,84,28
5909,84,29
5883,84,3
5910,84,30
5911,84,31
5912,84,32
5913,84,33
5914,84,34
5915,84,35
5916,84,36
5917,84,37
5918,84,38
5919,84,39
5884,84,4
5920,84,40
5921,84,41
5922,84,42
5923,84,43
5924,84,44
5925,84,45
5926,84,46
5927,84,47
5928,84,48
5929,84,49
5885,84,5
5930,84,50
5931,84,51
5932,84,52
5933,84,53
5934,84,54
5935,84,55
5936,84,56
5937,84,57
5938,84,58
5939,84,59
5886,84,6
5940,84,60
5941,84,61
5942,84,62
5943,84,63
5944,84,64
5945,84,65
5946,84,66
5947,84,67
5948,84,68
5949,84,69
5887,84,7
5888,84,8
5889,84,9
5950,85,0
5951,85,1
5960,85,10
5961,85,11
5962,85,12
5963,85,13
5964,85,14
5965,85,15
5966,85,16
5967,85,17
5968,85,18
5969,85,19
5952,85,2
5970,85,20
5971,85,21
5972,85,22
5973,85,23
5974,85,24
5975,85,25
5976,85,26
5977,85,27
5978,85,28
5979,85,29
5953,85,3
5980,85,30
5981,85,31
5982,85,32
5983,85,33
5984,85,34
5985,85,35
5986,85,36
5987,85,37
5988,85,38
5989,85,39
5954,85,4
5990,85,40
5991,85,41
5992,85,42
5993,85,43
5994,85,44
5995,85,45
5996,85,46
5997,85,47
5998,85,48
5999,85,49
5955,85,5
6000,85,50
6001,85,51
6002,85,52
6003,85,53
6004,85,54
6005,85,55
6006,85,56
6007,85,57
6008,85,58
6009,85,59
5956,85,6
6010,85,60
6011,85,61
6012,85,62
6013,85,63
6014,85,64
6015,85,65
6016,85,66
6017,85,67
6018,85,68
6019,85,69
5957,85,7
5958,85,8
5959,85,9
6020,86,0
6021,86,1
6030,86,10
6031,86,11
6032,86,12
6033,86,13
6034,86,14
6035,86,15
6036,86,16
6037,86,17
6038,86,18
6039,86,19
6022,86,2
6040,86,20
6041,86,21
6042,86,22
6043,86,23
6044,86,24
6045,86,25
6046,86,26
6047,86,27
6048,86,28
6049,86,29
6023,86,3
6050,86,30
6051,86,31
6052,86,32
6053,86,33
6054,86,34
6055,86,35
6056,86,36
6057,86,37
6058,86,38
6059,86,39
6024,86,4
6060,86,40
6061,86,41
6062,86,42
6063,86,43
6064,86,44
6065,86,45
6066,86,46
6067,86,47
6068,86,48
6069,86,49
6025,86,5
6070,86,50
6071,86,51
6072,86,52
6073,86,53
6074,86,54
6075,86,55
6076,86,56
6077,86,57
6078,86,58
6079,86,59
6026,86,6
6080,86,60
6081,86,61
6082,86,62
6083,86,63
6084,86,64
6085,86,65
6086,86,66
6087,86,67
6088,86,68
6089,86,69
6027,86,7
6028,86,8
6029,86,9
6090,87,0
6091,87,1
6100,87,10
6101,87,11
6102,87,12
6103,87,13
6104,87,14
6105,87,15
6106,87,16
6107,87,17
6108,87,18
6109,87,19
6092,87,2
6110,87,20
6111,87,21
6112,87,22
6113,87,23
6114,87,24
6115,87,25
6116,87,26
6117,87,27
6118,87,28
6119,87,29
6093,87,3
6120,87,30
6121,87,31
6122,87,32
6123,87,33
6124,87,34
6125,87,35
6126,87,36
6127,87,37
6128,87,38
6129,87,39
6094,87,4
6130,87,40
6131,87,41
6132,87,42
6133,87,43
6134,87,44
6135,87,45
6136,87,46
6137,87,47
6138,87,48
6139,87,49
6095,87,5
6140,87,50
6141,87,51
6142,87,52
6143,87,53
6144,87,54
6145,87,55
6146,87,56
6147,87,57
6148,87,58
6149,87,59
6096,87,6
6150,87,60
6151,87,61
6152,87,62
6153,87,63
6154,87,64
6155,87,65
6156,87,66
6157,87,67
6158,87,68
6159,87,69
6097,87,7
6098,87,8
6099,87,9
6160,88,0
6161,88,1
6170,88,10
6171,88,11
6172,88,12
6173,88,13
6174,88,14
6175,88,15
6176,88,16
6177,88,17
6178,88,18
6179,88,19
6162,88,2
6180,88,20
6181,88,21
6182,88,22
6183,88,23
6184,88,24
6185,88,25
6186,88,26
6187,88,27
6188,88,28
6189,88,29
6163,88,3
6190,88,30
6191,88,31
6192,88,32
6193,88,33
6194,88,34
6195,88,35
6196,88,36
6197,88,37
6198,88,38
6199,88,39
6164,88,4
6200,88,40
6201,88,41
6202,88,42
6203,88,43
6204,88,44
6205,88,45
6206,88,46
6207,88,47
6208,88,48
6209,88,49
6165,88,5
6210,88,50
6211,88,51
6212,88,52
6213,88,53
6214,88,54
6215,88,55
6216,88,56
6217,88,57
6218,88,58
6219,88,59
6166,88,6
6220,88,60
6221,88,61
6222,88,62
6223,88,63
6224,88,64
6225,88,65
6226,88,66
6227,88,67
6228,88,68
6229,88,69
6167,88,7
6168,88,8
6169,88,9
6230,89,0
6231,89,1
6240,89,10
6241,89,11
6242,89,12
6243,89,13
6244,89,14
6245,89,15
6246,89,16
6247,89,17
6248,89,18
6249,89,19
6232,89,2
6250,89,20
6251,89,21
6252,89,22
6253,89,23
6254,89,24
6255,89,25
6256,89,26
6257,89,27
6258,89,28
6259,89,29
6233,89,3
6260,89,30
6261,89,31
6262,89,32
6263,89,33
6264,89,34
6265,89,35
6266,89,36
6267,89,37
6268,89,38
6269,89,39
6234,89,4
6270,89,40
6271,89,41
6272,89,42
6273,89,43
6274,89,44
6275,89,45
6276,89,46
6277,89,47
6278,89,48
6279,89,49
6235,89,5
6280,89,50
6281,89,51
6282,89,52
6283,89,53
6284,89,54
6285,89,55
6286,89,56
6287,89,57
6288,89,58
6289,89,59
6236,89,6
6290,89,60
6291,89,61
6292,89,62
6293,89,63
6294,89,64
6295,89,65
6296,89,66
6297,89,67
6298,89,68
6299,89,69
6237,89,7
6238,89,8
6239,89,9
630,9,0
631,9,1
640,9,10
641,9,11
642,9,12
643,9,13
644,9,14
645,9,15
646,9,16
647,9,17
648,9,18
649,9,19
632,9,2
650,9,20
651,9,21
652,9,22
653,9,23
654,9,24
655,9,25
656,9,26
657,9,27
658,9,28
659,9,29
633,9,3
660,9,30
661,9,31
662,9,32
663,9,33
664,9,34
665,9,35
666,9,36
667,9,37
668,9,38
669,9,39
634,9,4
670,9,40
671,9,41
672,9,42
673,9,43
674,9,44
675,9,45
676,9,46
677,9,47
678,9,48
679,9,49
635,9,5
680,9,50
681,9,51
682,9,52
683,9,53
684,9,54
685,9,55
686,9,56
687,9,57
688,9,58
689,9,59
636,9,6
690,9,60
691,9,61
692,9,62
693,9,63
694,9,64
695,9,65
696,9,66
697,9,67
698,9,68
699,9,69
637,9,7
638,9,8
639,9,9
6300,90,0
6301,90,1
6310,90,10
6311,90,11
6312,90,12
6313,90,13
6314,90,14
6315,90,15
6316,90,16
6317,90,17
6318,90,18
6319,90,19
6302,90,2
6320,90,20
6321,90,21
6322,90,22
6323,90,23
6324,90,24
6325,90,25
6326,90,26
6327,90,27
6328,90,28
6329,90,29
6303,90,3
6330,90,30
6331,90,31
6332,90,32
6333,90,33
6334,90,34
6335,90,35
6336,90,36
6337,90,37
6338,90,38
6339,90,39
6304,90,4
6340,90,40
6341,90,41
6342,90,42
6343,90,43
6344,90,44
6345,90,45
6346,90,46
6347,90,47
6348,90,48
6349,90,49
6305,90,5
6350,90,50
6351,90,51
6352,90,52
6353,90,53
6354,90,54
6355,90,55
6356,90,56
6357,90,57
6358,90,58
6359,90,59
6306,90,6
6360,90,60
6361,90,61
6362,90,62
6363,90,63
6364,90,64
6365,90,65
6366,90,66
6367,90,67
6368,90,68
6369,90,69
6307,90,7
6308,90,8
6309,90,9
6370,91,0
6371,91,1
6380,91,10
6381,91,11
6382,91,12
6383,91,13
6384,91,14
6385,91,15
6386,91,16
6387,91,17
6388,91,18
6389,91,19
6372,91,2
6390,91,20
6391,91,21
6392,91,22
6393,91,23
6394,91,24
6395,91,25
6396,91,26
6397,91,27
6398,91,28
6399,91,29
6373,91,3
6400,91,30
6401,91,31
6402,91,32
6403,91,33
6404,91,34
6405,91,35
6406,91,36
6407,91,37
6408,91,38
6409,91,39
6374,91,4
6410,91,40
6411,91,41
6412,91,42
6413,91,43
6414,91,44
6415,91,45
6416,91,46
6417,91,47
6418,91,48
6419,91,49
6375,91,5
6420,91,50
6421,91,51
6422,91,52
6423,91,53
6424,91,54
6425,91,55
6426,91,56
6427,91,57
6428,91,58
6429,91,59
6376,91,6
6430,91,60
6431,91,61
6432,91,62
6433,91,63
6434,91,64
6435,91,65
6436,91,66
6437,91,67
6438,91,68
6439,91,69
6377,91,7
6378,91,8
6379,91,9
6440,92,0
6441,92,1
6450,92,10
6451,92,11
6452,92,12
6453,92,13
6454,92,14
6455,92,15
6456,92,16
6457,92,17
6458,92,18
6459,92,19
6442,92,2
6460,92,20
6461,92,21
6462,92,22
6463,92,23
6464,92,24
6465,92,25
6466,92,26
6467,92,27
6468,92,28
6469,92,29
6443,92,3
6470,92,30
6471,92,31
6472,92,32
6473,92,33
6474,92,34
6475,92,35
6476,92,36
6477,92,37
6478,92,38
6479,92,39
6444,92,4
6480,92,40
6481,92,41
6482,92,42
6483,92,43
6484,92,44
6485,92,45
6486,92,46
6487,92,47
6488,92,48
6489,92,49
6445,92,5
6490,92,50
6491,92,51
6492,92,52
6493,92,53
6494,92,54
6495,92,55
6496,92,56
6497,92,57
6498,92,58
6499,92,59
6446,92,6
6500,92,60
6501,92,61
6502,92,62
6503,92,63
6504,92,64
6505,92,65
6506,92,66
6507,92,67
6508,92,68
6509,92,69
6447,92,7
6448,92,8
6449,92,9
6510,93,0
6511,93,1
6520,93,10
6521,93,11
6522,93,12
6523,93,13
6524,93,14
6525,93,15
6526,93,16
6527,93,17
6528,93,18
6529,93,19
6512,93,2
6530,93,20
6531,93,21
6532,93,22
6533,93,23
6534,93,24
6535,93,25
6536,93,26
6537,93,27
6538,93,28
6539,93,29
6513,93,3
6540,93,30
6541,93,31
6542,93,32
6543,93,33
6544,93,34
6545,93,35
6546,93,36
6547,93,37
6548,93,38
6549,93,39
6514,93,4
6550,93,40
6551,93,41
6552,93,42
6553,93,43
6554,93,44
6555,93,45
6556,93,46
6557,93,47
6558,93,48
6559,93,49
6515,93,5
6560,93,50
6561,93,51
6562,93,52
6563,93,53
6564,93,54
6565,93,55
6566,93,56
6567,93,57
6568,93,58
6569,93,59
6516,93,6
6570,93,60
6571,93,61
6572,93,62
6573,93,63
6574,93,64
6575,93,65
6576,93,66
6577,93,67
6578,93,68
6579,93,69
6517,93,7
6518,93,8
6519,93,9
6580,94,0
6581,94,1
6590,94,10
6591,94,11
6592,94,12
6593,94,13
6594,94,14
6595,94,15
6596,94,16
6597,94,17
6598,94,18
6599,94,19
6582,94,2
6600,94,20
6601,94,21
6602,94,22
6603,94,23
6604,94,24
6605,94,25
6606,94,26
6607,94,27
6608,94,28
6609,94,29
6583,94,3
6610,94,30
6611,94,31
6612,94,32
6613,94,33
6614,94,34
6615,94,35
6616,94,36
6617,94,37
6618,94,38
6619,94,39
6584,94,4
6620,94,40
6621,94,41
6622,94,42
6623,94,43
6624,94,44
6625,94,45
6626,94,46
6627,94,47
6628,94,48
6629,94,49
6585,94,5
6630,94,50
6631,94,51
6632,94,52
6633,94,53
6634,94,54
6635,94,55
6636,94,56
6637,94,57
6638,94,58
6639,94,59
6586,94,6
6640,94,60
6641,94,61
6642,94,62
6643,94,63
6644,94,64
6645,94,65
6646,94,66
6647,94,67
6648,94,68
6649,94,69
6587,94,7
6588,94,8
6589,94,9
6650,95,0
6651,95,1
6660,95,10
6661,95,11
6662,95,12
6663,95,13
6664,95,14
6665,95,15
6666,95,16
6667,95,17
6668,95,18
6669,95,19
6652,95,2
6670,95,20
6671,95,21
6672,95,22
6673,95,23
6674,95,24
6675,95,25
6676,95,26
6677,95,27
6678,95,28
6679,95,29
6653,95,3
6680,95,30
6681,95,31
6682,95,32
6683,95,33
6684,95,34
6685,95,35
6686,95,36
6687,95,37
6688,95,38
6689,95,39
6654,95,4
6690,95,40
6691,95,41
6692,95,42
6693,95,43
6694,95,44
6695,95,45
6696,95,46
6697,95,47
6698,95,48
6699,95,49
6655,95,5
6700,95,50
6701,95,51
6702,95,52
6703,95,53
6704,95,54
6705,95,55
6706,95,56
6707,95,57
6708,95,58
6709,95,59
6656,95,6
6710,95,60
6711,95,61
6712,95,62
6713,95,63
6714,95,64
6715,95,65
6716,95,66
6717,95,67
6718,95,68
6719,95,69
6657,95,7
6658,95,8
6659,95,9
6720,96,0
6721,96,1
6730,96,10
6731,96,11
6732,96,12
6733,96,13
6734,96,14
6735,96,15
6736,96,16
6737,96,17
6738,96,18
6739,96,19
6722,96,2
6740,96,20
6741,96,21
6742,96,22
6743,96,23
6744,96,24
6745,96,25
6746,96,26
6747,96,27
6748,96,28
6749,96,29
6723,96,3
6750,96,30
6751,96,31
6752,96,32
6753,96,33
6754,96,34
6755,96,35
6756,96,36
6757,96,37
6758,96,38
6759,96,39
6724,96,4
6760,96,40
6761,96,41
6762,96,42
6763,96,43
6764,96,44
6765,96,45
6766,96,46
6767,96,47
6768,96,48
6769,96,49
6725,96,5
6770,96,50
6771,96,51
6772,96,52
6773,96,53
6774,96,54
6775,96,55
6776,96,56
6777,96,57
6778,96,58
6779,96,59
6726,96,6
6780,96,60
6781,96,61
6782,96,62
6783,96,63
6784,96,64
6785,96,65
6786,96,66
6787,96,67
6788,96,68
6789,96,69
6727,96,7
6728,96,8
6729,96,9
6790,97,0
6791,97,1
6800,97,10
6801,97,11
6802,97,12
6803,97,13
6804,97,14
6805,97,15
6806,97,16
6807,97,17
6808,97,18
6809,97,19
6792,97,2
6810,97,20
6811,97,21
6812,97,22
6813,97,23
6814,97,24
6815,97,25
6816,97,26
6817,97,27
6818,97,28
6819,97,29
6793,97,3
6820,97,30
6821,97,31
6822,97,32
6823,97,33
6824,97,34
6825,97,35
6826,97,36
6827,97,37
6828,97,38
6829,97,39
6794,97,4
6830,97,40
6831,97,41
6832,97,42
6833,97,43
6834,97,44
6835,97,45
6836,97,46
6837,97,47
6838,97,48
6839,97,49
6795,97,5
6840,97,50
6841,97,51
6842,97,52
6843,97,53
6844,97,54
6845,97,55
6846,97,56
6847,97,57
6848,97,58
6849,97,59
6796,97,6
6850,97,60
6851,97,61
6852,97,62
6853,97,63
6854,97,64
6855,97,65
6856,97,66
6857,97,67
6858,97,68
6859,97,69
6797,97,7
6798,97,8
6799,97,9
6860,98,0
6861,98,1
6870,98,10
6871,98,11
6872,98,12
6873,98,13
6874,98,14
6875,98,15
6876,98,16
6877,98,17
6878,98,18
6879,98,19
6862,98,2
6880,98,20
6881,98,21
6882,98,22
6883,98,23
6884,98,24
6885,98,25
6886,98,26
6887,98,27
6888,98,28
6889,98,29
6863,98,3
6890,98,30
6891,98,31
6892,98,32
6893,98,33
6894,98,34
6895,98,35
6896,98,36
6897,98,37
6898,98,38
6899,98,39
6864,98,4
6900,98,40
6901,98,41
6902,98,42
6903,98,43
6904,98,44
6905,98,45
6906,98,46
6907,98,47
6908,98,48
6909,98,49
6865,98,5
6910,98,50
6911,98,51
6912,98,52
6913,98,53
6914,98,54
6915,98,55
6916,98,56
6917,98,57
6918,98,58
6919,98,59
6866,98,6
6920,98,60
6921,98,61
6922,98,62
6923,98,63
6924,98,64
6925,98,65
6926,98,66
6927,98,67
6928,98,68
6929,98,69
6867,98,7
6868,98,8
6869,98,9
6930,99,0
6931,99,1
6940,99,10
6941,99,11
6942,99,12
6943,99,13
6944,99,14
6945,99,15
6946,99,16
6947,99,17
6948,99,18
6949,99,19
6932,99,2
6950,99,20
6951,99,21
6952,99,22
6953,99,23
6954,99,24
6955,99,25
6956,99,26
6957,99,27
6958,99,28
6959,99,29
6933,99,3
6960,99,30
6961,99,31
6962,99,32
6963,99,33
6964,99,34
6965,99,35
6966,99,36
6967,99,37
6968,99,38
6969,99,39
6934,99,4
6970,99,40
6971,99,41
6972,99,42
6973,99,43
6974,99,44
6975,99,45
6976,99,46
6977,99,47
6978,99,48
6979,99,49
6935,99,5
6980,99,50
6981,99,51
6982,99,52
6983,99,53
6984,99,54
6985,99,55
6986,99,56
6987,99,57
6988,99,58
6989,99,59
6936,99,6
6990,99,60
6991,99,61
6992,99,62
6993,99,63
6994,99,64
6995,99,65
6996,99,66
6997,99,67
6998,99,68
6999,99,69
6937,99,7
6938,99,8
6939,99,9
